50,50
50,53
50,58
49,58
48,61
47,68
47,70
46,73
46,78
46,84
45,85
44,86
44,87
43,90
43,94
43,95
43,97
43,99
43,101
42,105
42,109
42,112
42,114
41,117
41,119
41,123
41,127
41,130
41,129
40,131
40,133
40,135
40,137
40,138
38,142
38,145
38,147
37,152
36,156
35,156
35,158
35,159
35,160
35,164
35,165
34,168
34,169
33,175
33,176
33,181
33,183
33,188
33,192
33,194
33,199
32,203
32,207
32,208
31,211
31,211
31,217
31,217
30,218
29,218
28,218
26,219
26,227
26,230
26,234
26,238
26,240
26,243
26,244
26,241
25,240
24,243
24,245
24,242
23,243
23,244
21,249
21,250
21,250
21,251
21,251
21,255
21,260
21,261
21,266
20,267
19,270
19,271
19,272
19,269
19,272
19,275
18,279
18,282
18,281
18,281
18,284
18,280
18,281
18,283
18,289
17,289
17,291
17,291
17,294
17,294
17,296
17,296
17,299
16,300
16,299
16,303
16,303
16,306
16,306
16,305
16,311
16,313
16,310
16,312
16,312
16,314
16,314
16,317
16,318
16,322
16,323
16,326
16,328
16,326
16,323
16,325
16,323
16,324
16,325
16,328
16,325
15,325
15,330
15,333
15,332
15,331
15,330
14,330
14,329
14,332
14,332
14,333
14,332
14,331
13,333
13,333
13,332
13,331
13,335
13,340
13,344
13,347
13,350
13,352
13,352
13,355
13,354
13,356
13,360
13,359
13,355
12,357
12,357
12,363
11,364
11,359
11,359
11,356
11,352
11,352
11,351
11,355
11,355
11,358
11,354
11,357
11,355
10,357
10,358
10,361
10,359
10,362
10,366
10,365
9,366
9,364
9,367
9,369
9,370
9,369
9,372
9,373
9,373
9,373
8,376
8,376
8,381
8,378
8,379
8,376
8,379
8,382
8,381
8,382
8,383
8,384
8,384
8,386
8,383
8,385
8,387
8,392
8,389
8,388
8,387
8,393
8,392
8,391
8,399
8,401
8,401
8,401
8,404
8,409
8,412
8,415
8,412
8,412
8,411
7,413
7,411
7,414
7,414
7,410
7,413
7,413
7,412
7,415
7,415
7,415
7,415
7,416
7,417
7,421
7,421
7,424
6,423
6,423
6,421
6,421
6,425
6,429
6,426
6,424
6,422
6,425
6,428
6,429
6,431
6,431
6,429
6,433
6,433
6,433
6,432
6,437
6,433
6,433
6,433
6,436
6,438
6,436
6,438
5,440
5,440
5,437
5,435
5,435
5,437
5,436
5,439
5,440
5,439
5,439
5,438
5,433
5,432
5,430
5,433
5,435
4,434
4,434
4,432
4,432
4,430
4,430
4,429
4,430
4,431
4,432
4,429
4,430
4,429
4,431
3,435
3,436
3,437
3,437
3,438
3,436
3,435
3,437
3,437
3,439
3,438
2,435
2,439
2,438
2,437
2,436
2,438
2,439
2,439
2,441
2,440
2,441
2,440
2,442
2,439
2,440
2,444
2,446
2,444
2,446
2,450
2,447
2,447
2,450
2,450
2,449
2,449
2,452
2,454
2,457
2,458
2,459
2,460
2,462
2,464
2,461
2,461
2,460
2,461
2,459
2,458
2,461
2,464
2,460
2,459
2,457
2,456
2,452
2,449
2,451
2,453
2,453
2,450
2,447
2,450
2,454
2,453
2,456
2,455
2,455
2,457
2,453
2,451
2,453
2,453
2,455
2,456
2,457
2,456
2,455
2,456
2,455
2,450
2,457
2,456
2,460
2,460
2,459
2,463
2,460
2,461
2,465
2,465
2,465
2,463
2,460
2,461
2,461
2,459
2,460
2,458
2,458
2,458
2,459
2,461
2,464
2,459
2,462
2,461
2,456
2,454
2,449
2,443
2,447
2,446
2,446
2,448
2,448
2,449
2,450
2,450
2,451
2,451
2,452
2,452
2,452
2,450
2,447
2,448
2,447
2,449
2,444
2,444
2,443
2,445
2,446
2,447
2,447
2,445
2,445
2,444
2,446
2,447
2,447
2,445
2,444
2,441
2,443
2,442
2,439
2,442
2,439
2,439
2,437
2,442
2,443
2,442
2,444
2,445
2,446
2,446
2,447
2,448
2,449
2,447
2,445
2,444
2,443
2,445
2,445
2,446
2,444
2,447
2,450
2,455
2,450
2,447
2,446
2,447
2,447
2,448
2,450
2,448
2,453
2,454
2,458
2,455
2,456
2,457
2,452
2,452
2,453
2,455
2,454
2,454
1,451
1,451
1,451
1,451
1,450
1,449
1,449
1,449
1,449
1,447
1,448
1,446
1,446
1,442
1,442
1,442
1,443
1,445
1,442
1,442
0,443
0,444
0,448
0,446
0,448
0,445
0,443
0,443
0,444
0,444
0,441
0,444
0,443
0,445
0,449
0,445
0,445
0,446
0,447
0,448
0,450
0,450
0,448
0,450
0,449
0,449
0,450
0,449
0,451
0,450
0,449
0,448
0,449
0,447
0,442
0,438
0,437
0,439
0,442
0,443
0,445
0,448
0,448
0,449
0,449
0,448
0,444
0,444
0,441
0,439
0,439
0,443
0,443
0,442
0,442
0,440
0,439
0,440
0,441
0,439
0,440
0,438
0,436
0,437
0,437
0,436
0,436
0,435
0,432
0,432
0,431
0,432
0,433
0,433
0,433
0,437
0,434
0,432
0,433
0,430
0,429
0,430
0,432
0,433
0,435
0,431
0,430
0,430
0,431
0,435
0,434
0,435
0,435
0,431
0,432
0,432
0,430
0,429
0,428
0,430
0,430
0,429
0,426
0,424
0,424
0,424
0,423
0,421
0,422
0,424
0,424
0,422
0,420
0,415
0,414
0,414
0,413
0,413
0,412
0,414
0,413
0,411
0,411
0,414
0,415
0,416
0,417
0,416
0,415
0,413
0,413
0,415
0,411
0,414
0,412
0,411
0,407
0,410
0,405
0,405
0,403
0,406
0,407
0,405
0,407
0,409
0,408
0,407
0,407
0,407
0,407
0,410
0,411
0,408
0,411
0,413
0,414
0,421
0,419
0,419
0,420
0,419
0,418
0,420
0,418
0,417
0,417
0,414
0,412
0,411
0,411
0,413
0,411
0,412
0,412
0,411
0,408
0,408
0,411
0,408
0,409
0,409
0,406
0,404
0,403
0,405
0,406
0,403
0,400
0,398
0,400
0,400
0,399
0,398
0,404
0,403
0,402
0,406
0,407
0,406
0,407
0,411
0,412
0,414
0,417
0,417
0,420
0,416
0,416
0,419
0,420
0,424
0,424
0,422
0,419
0,423
0,422
0,425
0,423
0,426
0,422
0,425
0,422
0,423
0,424
0,425
0,422
0,422
0,424
0,429
0,425
0,427
0,429
0,429
0,429
0,431
0,430
0,429
0,426
0,425
0,427
0,430
0,431
0,433
0,431
0,429
0,428
0,427
0,427
0,427
0,427
0,427
0,428
0,428
0,427
0,430
0,430
0,429
0,430
0,433
0,432
0,431
0,431
0,433
0,434
0,433
0,433
0,430
0,431
0,427
0,428
0,429
