50,150
50,154
49,158
49,162
48,169
48,173
48,178
47,181
47,186
46,188
46,193
46,195
46,197
46,201
46,204
45,204
45,207
45,212
44,215
44,216
43,219
41,225
40,230
40,230
40,234
39,236
38,237
38,241
38,245
38,246
37,251
37,255
37,256
37,261
37,263
36,262
36,263
35,264
35,268
35,273
35,271
35,277
34,280
34,282
34,285
33,292
33,295
33,297
33,301
33,304
33,304
32,310
32,315
32,317
32,319
32,323
32,327
31,329
31,330
31,328
31,330
31,332
28,335
28,338
28,340
28,344
28,347
28,347
28,350
28,352
28,354
27,357
27,360
27,359
27,361
27,365
26,369
26,371
26,377
26,382
25,387
25,388
25,388
25,391
25,389
25,388
25,386
25,390
25,393
24,395
24,395
24,397
24,394
24,394
24,394
24,394
23,392
23,397
23,396
23,398
21,399
21,399
21,402
21,400
21,403
21,406
21,406
20,410
20,413
19,416
19,417
19,417
19,417
19,418
19,418
19,420
18,421
18,425
18,425
18,428
18,429
18,432
18,436
18,442
18,445
18,442
18,441
18,445
18,447
18,448
18,449
18,451
18,454
17,454
16,459
15,460
15,462
15,462
15,464
15,465
15,470
15,474
15,476
15,480
15,481
15,479
15,479
15,480
15,479
15,484
15,488
15,489
15,491
14,493
14,494
14,497
14,499
14,504
14,505
14,509
14,507
14,510
14,510
14,508
14,509
14,512
14,516
14,519
14,518
14,520
13,523
13,525
13,522
13,528
13,529
12,527
11,530
11,532
11,533
11,535
11,537
11,535
11,536
11,536
11,536
11,534
11,539
11,539
11,541
11,538
11,542
11,543
11,544
10,548
10,550
10,550
10,549
10,550
10,546
10,548
10,555
10,553
10,554
10,555
9,555
9,556
9,557
9,557
8,556
8,553
8,552
8,552
8,554
7,555
6,557
6,553
6,554
6,553
6,551
6,555
6,554
6,557
6,559
6,558
6,559
6,563
6,567
6,570
6,573
6,567
5,571
5,569
5,569
5,572
5,573
5,570
5,569
5,571
5,572
5,571
5,571
5,571
5,573
5,574
5,576
5,574
5,574
5,573
5,577
5,573
5,573
5,578
5,580
5,581
5,582
4,586
4,587
4,589
4,587
4,590
4,586
4,585
3,587
3,583
3,580
3,582
3,583
3,586
3,587
3,584
3,583
3,584
3,583
3,583
3,585
3,586
3,585
3,584
3,585
3,586
3,588
3,588
3,588
3,589
3,591
3,591
3,590
3,590
3,590
3,588
2,592
2,594
2,592
2,590
2,591
2,588
2,590
2,591
2,592
2,597
2,595
2,597
2,598
2,596
2,597
2,597
2,597
2,595
2,595
2,592
2,589
2,589
2,588
2,588
2,589
2,589
2,586
2,585
2,590
2,583
2,582
2,580
2,579
2,579
2,581
2,580
2,581
2,582
2,583
2,581
2,580
2,579
2,578
2,575
2,576
2,573
2,573
2,577
2,575
2,573
2,578
2,581
2,581
2,579
2,578
2,579
2,578
2,574
2,575
2,575
2,573
2,571
2,574
2,573
2,568
2,568
2,564
1,564
1,567
1,567
1,567
1,566
1,568
1,564
1,568
1,566
1,566
1,567
1,565
1,564
1,564
1,563
1,566
1,567
1,565
1,564
1,563
1,563
1,566
1,566
1,568
1,567
1,563
1,564
1,565
1,570
1,571
0,568
0,568
0,563
0,559
0,556
0,554
0,551
0,551
0,549
0,546
0,546
0,549
0,548
0,548
0,545
0,544
0,543
0,540
0,540
0,539
0,537
0,538
0,539
0,536
0,537
0,536
0,536
0,534
0,534
0,533
0,535
0,534
0,533
0,533
0,534
0,537
0,536
0,535
0,539
0,538
0,539
0,539
0,538
0,541
0,541
0,543
0,544
0,549
0,543
0,542
0,544
0,547
0,544
0,542
0,544
0,541
0,542
0,537
0,535
0,535
0,538
0,536
0,538
0,539
0,536
0,536
0,538
0,539
0,539
0,537
0,537
0,535
0,534
0,533
0,536
0,538
0,536
0,538
0,542
0,544
0,545
0,546
0,543
0,545
0,544
0,545
0,548
0,544
0,545
0,542
0,540
0,538
0,542
0,539
0,544
0,540
0,540
0,542
0,547
0,547
0,552
0,553
0,550
0,551
0,554
0,551
0,550
0,551
0,549
0,550
0,550
0,556
0,554
0,554
0,553
0,556
0,554
0,553
0,554
0,552
0,549
0,550
0,547
0,546
0,547
0,544
0,544
0,544
0,546
0,547
0,542
0,543
0,540
0,538
0,538
0,537
0,536
0,534
0,534
0,533
0,531
0,532
0,527
0,524
0,529
0,529
0,524
0,525
0,524
0,525
0,526
0,523
0,522
0,525
0,523
0,524
0,527
0,527
0,524
0,522
0,526
0,519
0,523
0,525
0,527
0,528
0,527
0,529
0,530
0,530
0,532
0,533
0,532
0,534
0,535
0,532
0,534
0,529
0,526
0,526
0,526
0,529
0,526
0,524
0,520
0,519
0,518
0,518
0,514
0,512
0,512
0,510
0,508
0,507
0,506
0,505
0,507
0,507
0,503
0,504
0,504
0,506
0,505
0,508
0,504
0,505
0,507
0,508
0,508
0,505
0,505
0,503
0,507
0,512
0,514
0,515
0,514
0,514
0,513
0,511
0,506
0,508
0,508
0,507
0,507
0,510
0,508
0,509
0,507
0,508
0,509
0,515
0,513
0,515
0,517
0,520
0,523
0,524
0,527
0,525
0,523
0,524
0,524
0,524
0,527
0,525
0,525
0,527
0,531
0,531
0,533
0,538
0,534
0,534
0,536
0,536
0,539
0,540
0,539
0,538
0,537
0,539
0,538
0,540
0,543
0,544
0,541
0,541
0,540
0,534
0,537
0,536
0,535
0,533
0,534
0,535
0,535
0,538
0,538
0,541
0,544
0,544
0,546
0,546
0,544
0,544
0,547
0,546
0,542
0,542
0,540
0,539
0,539
0,540
0,544
0,546
0,546
0,546
0,550
0,547
0,545
0,549
0,551
0,550
0,554
0,550
0,552
0,551
0,551
0,551
0,551
0,549
0,544
0,546
0,549
0,552
0,552
0,553
0,558
0,557
0,554
0,553
0,557
0,555
0,557
0,558
0,557
0,558
0,560
0,559
0,559
0,563
0,558
0,561
0,563
0,563
0,563
0,563
0,565
0,565
0,563
0,562
0,562
0,561
0,561
0,563
0,563
0,564
0,561
0,560
0,561
0,558
0,556
0,557
0,555
0,551
0,553
0,552
0,551
0,556
0,557
0,557
0,555
0,553
0,554
0,555
0,554
0,555
0,556
0,559
0,559
0,557
0,555
0,554
0,557
0,559
0,559
0,559
0,559
0,561
0,561
0,558
0,561
0,562
0,560
0,559
0,559
0,559
0,555
0,554
0,553
0,552
0,552
0,547
0,549
0,548
0,547
0,551
0,548
0,552
0,555
0,556
0,556
0,562
0,558
0,557
0,555
0,555
0,558
0,556
0,556
0,554
0,553
0,551
