600,200
600,206
596,212
593,219
586,222
583,226
577,231
570,238
562,245
554,253
549,259
543,267
537,270
530,276
523,282
517,289
510,293
503,297
497,304
493,308
489,312
485,314
479,319
474,324
472,325
465,327
463,330
460,334
455,340
450,342
447,344
441,350
438,353
436,353
431,357
429,358
424,361
420,365
416,370
410,373
406,375
404,377
400,382
396,387
390,393
384,398
381,399
380,400
375,402
371,405
368,408
366,411
359,415
355,415
351,420
346,425
340,428
337,430
333,435
330,439
328,443
326,446
326,447
322,449
316,453
309,459
303,462
297,468
294,471
291,477
288,477
286,474
282,477
280,474
277,476
275,478
270,482
268,483
262,487
259,490
255,493
251,497
249,499
248,499
244,503
241,508
239,512
235,515
235,516
232,517
230,521
227,524
226,528
224,528
222,531
218,535
217,532
213,539
210,541
207,543
204,547
199,549
196,552
191,556
190,558
188,560
187,564
185,565
185,565
185,564
184,562
181,567
181,565
177,567
175,568
175,566
173,567
171,572
171,574
169,578
167,578
165,580
164,579
163,579
163,577
162,583
159,583
158,586
157,587
156,585
156,587
154,591
152,593
151,596
149,595
144,597
144,599
142,600
139,603
139,603
138,603
137,604
135,610
133,613
133,612
131,614
131,614
131,615
131,614
130,615
129,614
128,610
125,613
125,616
122,618
122,617
122,616
122,616
122,614
119,619
117,621
114,622
114,620
114,619
112,621
111,620
109,624
107,626
106,622
106,618
102,622
102,622
102,622
99,625
98,629
98,630
97,630
97,629
95,629
95,626
94,623
94,622
93,626
91,629
90,630
89,629
88,631
86,633
85,635
85,637
83,636
82,638
82,634
82,635
82,636
82,634
82,634
81,637
80,638
80,639
77,643
75,647
75,650
75,648
74,649
73,650
72,651
71,651
70,651
69,652
68,655
68,654
65,651
65,652
65,653
64,654
64,653
64,652
63,651
63,650
63,652
63,649
63,647
63,648
63,649
61,650
61,650
60,651
60,652
60,650
59,651
59,651
58,653
58,650
57,653
57,651
57,651
57,647
56,647
56,646
56,647
54,650
50,653
50,651
49,654
49,654
49,655
48,657
48,656
48,656
48,653
48,654
47,655
47,652
46,654
45,655
45,657
45,663
45,660
43,662
42,664
42,667
41,667
41,665
40,667
40,667
40,669
40,669
39,669
37,670
37,668
37,666
37,667
36,664
36,665
35,669
35,671
35,672
35,670
35,673
35,675
34,675
34,676
34,677
34,677
33,678
31,681
31,683
31,682
30,683
30,681
28,682
28,683
28,680
28,678
27,677
27,676
27,673
26,672
26,671
26,671
26,669
26,668
26,665
26,664
25,664
25,661
25,665
25,661
25,663
25,664
25,666
25,667
25,667
25,668
25,663
25,666
25,667
24,669
24,670
24,668
24,667
24,667
24,662
23,663
23,663
23,664
23,661
23,660
22,662
22,664
20,667
20,670
20,669
20,670
20,667
19,670
19,669
19,667
19,666
19,670
19,666
19,659
19,659
19,658
19,661
18,662
18,662
18,661
18,658
18,657
18,659
18,661
18,662
18,662
18,659
18,659
18,655
17,659
17,661
17,664
17,666
17,667
17,670
16,671
16,667
16,670
16,668
16,666
16,663
16,663
15,664
15,665
15,666
15,666
15,666
15,669
15,667
14,666
14,665
14,668
14,668
14,669
14,670
14,668
14,667
13,665
13,663
13,659
13,661
13,664
13,663
12,664
12,662
12,661
12,659
12,659
12,659
12,658
12,658
12,657
12,655
12,654
12,654
12,651
12,650
12,652
12,651
11,653
11,653
11,650
11,649
11,649
11,651
10,652
9,652
9,652
9,652
9,655
9,653
9,655
9,653
8,654
8,654
8,657
8,656
8,654
8,657
8,653
8,650
8,648
7,647
7,648
7,645
7,640
7,642
7,641
7,642
7,639
6,637
6,640
6,640
6,641
6,639
6,641
6,641
6,639
6,639
6,638
6,644
6,646
6,645
6,647
6,646
6,649
6,650
6,650
6,649
6,647
6,646
6,643
6,637
6,636
6,635
6,637
6,638
6,640
6,641
6,643
6,643
6,641
6,642
6,643
6,647
6,646
6,647
6,646
4,647
4,645
4,644
4,644
4,645
4,642
4,642
4,641
4,642
4,644
4,638
4,640
4,634
4,633
4,633
4,635
4,631
4,631
4,631
4,632
4,634
4,635
4,635
4,635
4,634
4,637
4,636
4,636
4,636
4,634
4,634
4,634
4,632
4,628
4,627
4,628
4,627
4,627
4,626
3,626
3,629
3,629
3,628
3,628
2,631
2,632
2,629
2,631
2,632
2,636
2,635
2,634
2,634
2,633
2,638
2,637
2,636
2,636
2,634
2,631
2,630
2,631
2,630
2,627
2,630
2,631
2,633
2,639
2,637
2,639
2,641
2,643
2,641
2,642
2,644
2,640
2,641
2,643
2,647
2,646
2,644
2,642
2,645
2,642
2,644
2,643
2,641
2,637
2,637
2,638
2,636
2,636
2,636
2,637
2,637
2,635
2,635
2,632
2,631
2,630
2,629
2,628
2,628
2,631
2,631
2,629
2,626
2,620
2,620
2,620
2,619
2,620
2,623
2,621
2,618
2,619
2,619
2,622
2,624
2,624
2,626
2,628
2,625
2,625
2,625
2,625
2,621
2,620
2,622
2,620
2,619
2,621
2,622
2,623
2,620
2,619
2,624
2,625
2,627
2,624
2,625
2,626
2,627
2,625
2,626
2,622
2,621
2,621
2,623
2,627
2,628
2,627
2,626
2,621
2,617
2,613
2,612
1,614
1,613
1,613
1,612
1,611
1,609
1,610
1,607
1,606
1,603
1,603
1,605
1,602
1,602
1,601
1,602
1,603
1,605
1,603
1,601
1,603
1,605
1,606
1,609
1,603
1,600
1,601
1,599
1,599
1,600
1,602
1,605
1,604
1,606
0,608
0,610
0,608
0,609
0,607
0,610
0,612
0,615
0,615
0,616
0,615
0,618
0,618
0,618
0,619
0,622
0,617
0,619
0,623
0,625
0,625
0,625
0,626
0,627
0,627
0,627
0,625
0,630
0,629
0,628
0,631
0,631
0,628
0,629
0,631
0,630
0,633
0,629
0,629
0,628
0,631
0,630
0,628
0,628
0,630
0,625
0,624
0,625
0,622
0,618
0,620
0,619
0,621
0,619
0,619
0,617
0,614
0,617
0,616
0,620
0,622
0,621
0,621
0,620
0,620
0,619
0,618
0,619
0,617
0,618
0,618
0,619
0,621
0,620
0,622
0,624
0,623
0,622
0,619
0,619
0,619
0,615
0,618
0,616
0,613
0,614
0,614
0,610
0,615
0,613
0,613
0,608
0,607
0,607
0,605
0,600
0,599
0,600
0,603
0,605
0,608
0,606
0,604
0,603
0,606
0,603
0,601
0,601
0,601
0,601
0,602
0,605
0,602
0,605
0,606
0,607
0,606
0,607
0,608
0,607
0,606
0,609
0,606
0,603
0,602
0,603
0,601
0,603
0,600
0,598
0,599
0,600
0,601
