400,400
400,409
396,414
392,420
389,423
383,429
382,433
378,437
375,441
370,444
367,448
364,450
359,456
353,459
351,463
347,467
341,470
338,472
336,475
331,482
329,484
326,487
323,491
321,496
319,503
313,509
309,514
308,516
303,522
299,526
298,527
296,530
294,531
292,536
287,541
285,543
284,547
280,552
275,557
272,560
269,563
265,566
263,570
259,574
256,580
254,583
251,587
247,594
245,596
241,597
237,599
234,603
231,606
230,606
226,612
226,615
224,617
220,621
220,623
220,626
217,629
215,630
213,631
212,632
212,630
210,630
206,635
203,638
201,640
198,644
195,644
194,646
193,648
191,654
190,652
188,654
186,657
184,659
182,662
180,665
179,666
178,664
177,665
175,667
172,670
172,673
172,670
171,672
170,673
170,674
168,674
167,677
165,682
164,682
161,686
159,688
158,687
157,688
155,690
152,693
150,695
149,696
148,698
148,699
146,702
146,703
144,704
141,706
138,707
138,706
136,705
134,707
133,708
132,711
129,716
127,719
127,720
127,720
126,722
124,723
124,726
123,727
123,728
122,731
122,729
122,730
122,731
122,733
120,735
119,735
118,737
117,738
116,739
113,744
111,746
110,744
110,746
110,747
109,747
108,750
108,751
106,751
105,752
104,752
103,756
102,757
102,758
100,761
100,762
100,762
100,764
98,763
97,764
95,765
94,766
94,767
93,769
93,771
93,769
92,773
92,774
91,775
89,777
88,779
88,783
88,781
86,782
86,783
84,786
82,789
80,791
79,791
77,793
77,793
76,797
76,797
76,797
76,798
76,801
76,804
72,808
71,808
70,808
68,809
67,810
66,810
64,814
64,812
63,813
63,810
63,809
63,810
63,809
62,811
60,811
59,813
59,813
58,814
58,815
58,818
57,818
57,817
57,817
56,819
55,820
55,819
54,821
54,823
54,824
54,823
54,824
54,824
53,824
53,825
50,830
50,830
49,830
48,832
48,831
47,831
45,831
45,831
45,830
45,830
45,829
43,830
43,829
43,829
42,830
39,833
39,832
38,832
37,831
37,834
37,834
37,834
35,836
35,837
35,839
35,841
34,841
34,842
34,843
34,844
33,844
33,842
33,844
33,842
33,841
32,840
32,839
32,840
32,842
32,842
32,843
32,845
32,847
31,847
31,850
31,849
31,848
31,848
31,850
31,848
31,847
31,845
31,841
31,843
31,843
31,842
30,841
29,843
29,843
29,844
29,841
29,842
29,844
28,847
28,847
28,850
27,852
27,853
27,853
26,852
25,852
25,853
24,854
24,854
24,854
24,855
23,856
23,856
23,856
23,857
23,858
23,860
23,860
23,856
22,855
22,856
21,857
21,858
21,857
21,856
21,855
21,856
21,857
21,856
20,858
20,860
20,861
19,862
19,862
18,862
18,863
18,865
18,865
18,865
18,861
18,860
18,861
18,861
18,862
18,863
17,864
17,866
17,865
17,865
16,863
15,866
15,866
15,866
15,866
15,866
15,866
15,867
15,867
15,868
15,872
15,872
15,872
15,874
15,876
15,877
15,877
15,877
15,874
15,874
15,874
15,874
15,872
15,870
15,870
15,871
14,872
14,872
14,872
14,874
14,872
14,872
13,873
13,874
13,874
13,873
13,875
13,876
13,875
13,873
13,873
13,873
13,871
13,868
13,866
13,864
13,864
13,865
13,864
13,862
13,864
13,864
13,867
13,867
13,869
13,869
13,872
13,872
13,872
13,872
13,870
13,867
13,867
13,865
13,865
13,865
13,867
12,868
12,869
12,871
12,872
12,872
12,874
12,874
11,871
11,871
11,871
10,872
10,874
10,874
10,875
10,876
10,875
10,876
10,875
10,875
10,875
10,876
10,877
10,879
10,874
10,875
9,875
9,875
9,875
9,875
9,878
9,877
9,877
9,878
9,879
9,878
9,877
9,877
9,877
9,879
8,881
8,880
8,880
8,881
8,879
8,880
8,880
8,881
8,880
8,880
8,879
8,879
8,877
8,876
8,877
7,876
7,873
6,876
6,876
6,877
6,877
6,878
6,876
6,876
6,875
6,876
6,877
6,878
6,878
6,880
6,881
6,883
6,885
6,884
6,885
6,883
6,883
6,883
6,883
6,881
6,881
5,881
5,880
5,881
5,881
5,881
5,881
5,880
5,880
5,883
5,883
5,884
5,883
5,882
5,881
5,879
5,879
5,878
5,878
5,877
5,876
5,878
5,875
5,877
5,877
5,876
5,878
5,878
5,878
5,878
5,878
5,878
5,876
5,874
5,874
5,872
5,876
5,875
5,875
5,876
5,876
5,876
5,876
5,875
5,875
5,875
5,875
5,873
5,875
5,874
4,877
4,878
4,878
4,875
4,875
4,874
3,875
3,876
3,875
3,877
3,878
3,880
3,880
3,880
3,881
3,882
3,883
3,882
3,882
3,881
3,879
3,879
3,879
3,879
3,879
3,876
3,876
3,876
3,877
3,879
3,880
3,878
3,877
3,876
3,875
3,874
3,873
3,872
3,872
3,870
3,869
3,870
3,870
3,873
3,873
2,873
2,876
2,875
2,875
2,875
2,875
2,876
2,876
2,875
2,874
2,873
2,876
2,879
2,880
2,881
2,881
2,881
2,882
2,884
2,883
2,883
2,884
2,886
2,888
2,889
2,888
2,887
2,888
2,887
2,889
2,890
2,889
2,890
2,888
2,886
2,886
2,885
2,885
2,883
2,884
1,885
1,887
1,887
1,887
1,888
1,889
1,891
1,893
1,893
1,892
1,892
1,893
1,893
1,895
1,893
1,892
1,889
1,889
1,890
1,890
1,891
1,890
1,892
1,894
1,892
1,891
1,891
1,891
1,889
1,888
1,887
1,888
1,886
1,887
1,885
1,885
1,886
1,885
1,886
1,888
1,888
1,888
1,890
1,891
1,892
1,893
1,894
1,896
1,892
1,891
1,891
1,890
1,892
1,892
1,891
1,892
1,892
1,892
1,893
1,891
1,891
1,891
1,892
1,891
1,890
1,890
1,890
1,891
1,890
1,889
1,890
1,889
0,890
0,891
0,893
0,893
0,890
0,889
0,890
0,892
0,891
0,891
0,890
0,890
0,889
0,889
0,887
0,887
0,886
0,887
0,889
0,890
0,890
0,890
0,888
0,888
0,886
0,885
0,884
0,884
0,882
0,883
0,881
0,879
0,880
0,883
0,882
0,885
0,883
0,883
0,884
0,885
0,883
0,886
0,884
0,886
0,887
0,888
0,886
0,885
0,885
0,885
0,885
0,884
0,883
0,883
0,883
0,883
0,884
0,883
0,884
0,884
0,885
0,886
0,887
0,889
0,887
0,886
0,885
0,885
0,885
0,884
0,884
0,884
0,884
0,883
0,885
0,884
0,883
0,883
0,882
0,882
0,881
0,881
0,880
0,883
0,884
0,883
0,883
0,883
0,883
0,880
0,879
0,878
0,878
0,878
0,879
0,878
0,879
0,878
0,879
0,880
0,880
0,878
0,876
0,878
0,879
0,877
0,876
0,877
0,878
0,877
0,879
0,879
0,879
0,880
0,880
0,881
0,882
0,884
0,884
0,883
