50,250
50,256
49,263
49,270
49,276
49,282
49,288
49,295
48,302
48,306
48,308
48,314
48,319
48,324
48,329
47,333
47,338
47,340
47,346
47,350
47,352
46,355
45,359
45,364
43,366
43,369
43,374
43,378
42,382
42,383
41,391
38,395
38,397
38,400
37,404
36,408
36,413
36,415
36,421
36,425
36,427
35,433
35,436
35,440
35,442
35,447
34,451
34,454
34,456
34,457
32,458
32,460
32,466
32,472
32,475
32,482
31,485
31,489
31,493
31,492
31,490
31,494
30,496
30,502
29,505
29,508
29,511
28,512
28,513
28,520
28,522
28,521
28,527
28,533
28,538
28,541
28,540
28,540
28,544
28,547
28,545
28,548
28,551
28,553
28,554
28,558
27,559
26,560
26,563
26,564
26,567
25,571
24,575
23,580
22,584
22,583
22,582
22,580
22,581
22,579
22,581
22,585
22,586
22,587
20,588
20,591
19,593
19,598
19,601
19,603
19,605
19,606
18,609
18,611
18,611
18,609
18,612
17,614
17,617
16,621
16,626
16,622
16,626
16,627
15,629
15,631
15,631
15,633
15,633
15,635
15,638
15,642
15,645
14,645
14,646
14,648
14,647
14,648
14,650
14,649
14,649
13,651
13,653
12,654
12,653
12,656
12,661
12,658
12,662
12,662
12,663
12,665
12,667
12,668
12,671
12,673
12,673
12,677
12,672
12,671
12,669
12,668
12,670
12,668
12,670
12,670
12,672
12,670
12,671
12,668
12,670
12,671
12,669
12,673
12,676
12,679
12,680
12,682
12,685
12,687
12,688
12,688
12,687
12,688
12,689
12,687
12,689
12,690
12,691
12,694
12,692
12,694
12,695
12,694
12,693
12,693
12,695
12,695
12,696
12,697
12,698
12,701
12,703
11,703
11,705
10,709
10,711
9,714
9,713
9,715
9,715
9,714
9,715
9,718
9,717
9,717
9,719
9,718
9,717
9,713
9,718
9,717
9,716
9,712
9,712
8,710
8,715
8,718
8,717
7,717
7,720
7,723
7,725
7,724
7,724
7,723
7,721
7,722
7,721
7,720
7,720
7,725
7,728
7,729
7,728
7,727
7,730
7,730
7,730
7,731
6,732
6,733
6,732
6,734
6,736
6,736
6,737
6,739
5,740
5,742
5,742
5,745
5,744
5,743
5,743
5,743
5,743
5,747
5,747
5,750
5,751
5,753
5,754
4,755
4,759
3,759
3,758
3,759
3,762
3,767
3,763
3,760
3,761
3,758
3,756
3,760
3,758
3,758
3,761
3,756
3,754
3,759
3,762
3,765
3,766
3,768
3,771
3,773
2,774
2,773
2,774
2,775
2,772
2,772
2,773
2,773
2,773
2,771
2,776
2,774
2,773
2,772
2,774
2,775
2,773
2,774
2,778
2,779
2,777
2,778
2,777
2,777
2,778
2,779
2,780
2,783
2,781
2,786
2,784
2,785
2,784
2,784
2,784
2,787
2,784
2,784
2,784
2,783
2,780
2,782
2,780
2,778
2,780
2,781
2,781
1,783
1,783
1,782
1,780
1,779
1,777
1,775
1,776
1,778
1,776
1,776
1,776
1,776
1,775
1,775
1,776
1,777
1,777
1,778
1,780
1,781
1,781
1,782
1,780
1,776
1,776
1,777
1,776
1,777
1,778
1,778
1,779
1,778
1,778
1,776
1,778
1,778
1,778
1,778
1,777
1,778
1,779
1,775
1,775
1,779
1,780
1,779
1,781
1,785
1,783
1,788
1,787
1,789
1,788
1,788
1,785
1,785
1,786
1,788
1,788
1,787
1,787
1,786
1,787
1,783
1,783
1,785
1,787
1,785
1,786
1,785
1,786
1,786
1,784
1,785
1,788
1,790
1,788
1,786
1,784
1,790
1,791
1,793
1,794
1,792
1,789
1,789
1,787
1,783
1,784
1,787
1,790
1,792
1,790
1,787
1,786
1,785
1,786
1,786
1,788
1,788
1,787
1,786
1,787
1,785
1,787
1,786
1,785
1,784
1,782
1,781
1,782
1,780
1,779
1,776
1,776
1,774
1,769
1,772
1,769
1,768
1,770
1,772
1,774
1,774
1,774
1,772
1,768
1,769
1,771
1,772
1,769
1,772
1,775
1,773
1,772
1,773
1,778
1,776
1,781
1,778
1,780
1,784
1,785
1,786
1,786
1,785
1,782
1,781
1,780
1,781
1,780
1,780
1,779
1,776
1,773
1,772
1,769
1,771
1,773
1,771
1,771
1,770
1,768
1,768
1,768
1,769
1,765
1,767
1,765
1,765
1,766
1,766
1,766
1,764
1,762
1,763
1,762
1,761
1,765
1,764
1,761
1,758
1,756
1,756
1,759
1,759
1,758
1,758
1,759
1,759
1,758
1,756
1,756
1,761
1,760
1,761
1,765
1,766
1,768
1,765
1,768
1,767
1,766
1,763
1,762
1,764
1,764
1,766
1,765
1,767
1,767
1,769
1,772
1,771
1,772
1,772
1,773
1,776
1,775
1,773
1,773
1,772
1,768
1,766
1,767
1,766
1,768
1,765
1,766
1,765
1,766
1,763
1,763
1,765
1,766
1,765
1,766
1,766
1,769
1,767
1,767
1,766
1,767
1,769
1,766
1,767
1,765
1,761
1,763
1,760
1,759
1,755
1,754
1,757
1,756
1,757
1,755
1,756
1,755
1,758
1,759
1,759
1,761
1,762
1,763
1,761
1,762
1,761
1,763
1,766
1,767
1,765
1,764
1,763
1,766
1,767
1,768
1,769
1,769
1,771
1,773
1,776
1,776
1,777
1,778
1,780
1,783
1,783
1,783
1,784
1,784
1,784
1,786
1,786
1,785
1,786
1,789
1,788
1,789
1,790
1,792
1,793
1,794
1,794
1,792
1,795
1,796
1,798
1,799
1,801
1,802
1,803
1,802
1,801
0,804
0,802
0,804
0,805
0,806
0,805
0,806
0,806
0,807
0,809
0,811
0,811
0,810
0,810
0,806
0,804
0,806
0,803
0,804
0,807
0,807
0,807
0,805
0,804
0,803
0,802
0,803
0,801
0,801
0,802
0,803
0,799
0,800
0,799
0,800
0,797
0,800
0,800
0,800
0,799
0,799
0,798
0,798
0,799
0,798
0,801
0,802
0,802
0,802
0,806
0,803
0,802
0,797
0,799
0,802
0,804
0,805
0,806
0,804
0,805
0,806
0,807
0,808
0,808
0,807
0,808
0,808
0,807
0,801
0,804
0,806
0,809
0,809
0,810
0,811
0,810
0,810
0,812
0,814
0,810
0,810
0,808
0,808
0,805
0,805
0,807
0,809
0,807
0,809
0,806
0,809
0,809
0,810
0,812
0,812
0,814
0,813
0,812
0,813
0,813
0,815
0,816
0,815
0,814
0,820
0,820
0,818
0,819
0,819
0,819
0,819
0,816
0,815
0,813
0,812
0,812
0,812
0,813
0,816
0,818
0,820
0,824
0,825
0,826
0,828
0,826
0,825
0,827
0,825
0,824
0,822
0,821
0,820
0,820
0,818
0,815
0,814
0,812
0,813
0,812
0,814
