200,100
200,106
195,111
193,115
192,119
190,122
188,125
186,123
185,128
185,131
180,134
179,139
173,142
171,148
168,149
167,152
164,152
162,153
162,157
161,162
159,163
156,167
155,171
153,173
150,176
148,178
146,182
145,186
145,187
144,189
144,193
141,194
139,199
138,201
138,202
136,205
134,207
134,210
132,211
130,216
128,218
128,221
126,226
125,229
125,228
124,234
124,237
122,242
121,246
120,248
120,252
119,258
117,256
115,258
114,261
112,262
110,266
108,270
108,274
107,279
103,281
101,286
100,285
100,289
98,291
96,294
95,297
93,296
92,300
92,297
90,301
90,303
88,304
87,305
86,307
84,308
82,308
81,310
80,317
80,322
80,324
80,325
80,328
80,329
80,327
80,330
80,334
80,334
80,333
79,336
77,337
76,339
75,338
75,337
75,339
73,344
73,346
72,345
72,348
72,348
72,347
71,350
70,353
69,354
69,358
69,362
67,364
67,364
67,368
67,366
67,366
66,366
66,365
66,369
66,371
64,369
64,367
63,366
62,368
59,372
59,374
59,379
57,382
55,384
54,384
53,388
53,388
52,384
52,383
52,381
52,385
52,385
52,390
52,390
52,391
52,388
52,390
51,392
51,391
51,391
50,390
50,396
50,393
49,390
48,394
46,396
45,399
45,399
44,402
43,401
43,401
42,400
42,404
42,405
42,410
42,414
42,412
42,412
42,412
41,412
40,412
40,414
40,419
39,422
38,423
38,424
38,422
38,423
38,425
38,425
38,423
38,423
38,419
38,423
38,426
38,424
36,429
36,431
35,431
34,430
32,431
32,431
32,437
31,439
31,443
31,445
31,445
31,448
30,451
30,452
30,455
30,456
30,456
29,459
29,461
29,461
29,462
29,464
28,466
28,468
28,469
27,469
27,468
25,468
25,466
25,467
25,467
25,466
25,465
25,465
25,466
25,464
25,462
25,464
25,463
25,463
25,462
25,464
25,465
23,463
23,463
22,463
22,463
22,460
22,461
22,462
22,458
22,457
22,456
22,457
21,455
21,452
20,455
20,453
20,453
19,451
19,449
19,448
19,450
19,449
19,449
18,448
18,450
18,451
18,451
18,453
17,456
16,455
16,459
16,461
16,464
15,462
15,462
15,464
15,468
15,469
15,469
15,471
15,474
15,477
15,478
15,480
15,479
15,482
15,480
15,482
15,485
15,487
15,486
14,489
14,490
14,489
14,489
14,489
14,491
14,492
14,494
14,491
14,491
13,492
13,491
13,493
13,493
13,490
13,488
13,488
13,487
13,489
13,489
13,487
13,488
13,486
13,488
12,483
12,487
12,484
12,486
12,487
12,486
12,481
12,486
12,485
12,484
12,484
12,485
12,482
12,481
12,483
12,481
12,482
12,482
12,481
12,480
12,479
12,479
12,483
12,481
12,481
12,483
12,482
12,482
12,482
12,482
12,480
12,483
12,483
12,483
12,485
12,481
12,479
12,479
11,479
11,479
10,478
9,475
9,480
9,483
9,484
9,485
9,490
9,487
9,485
9,482
9,481
9,482
9,479
9,480
9,479
9,479
9,475
9,476
9,481
8,484
8,484
8,484
8,485
8,485
8,487
8,489
8,486
8,486
7,486
7,487
7,488
7,486
7,486
7,483
7,481
7,481
7,480
7,481
7,481
7,480
7,481
7,481
7,483
7,488
7,489
6,490
6,491
6,489
6,488
6,487
6,485
6,484
6,487
6,490
6,489
6,490
6,495
6,492
6,495
6,498
5,495
5,497
5,494
5,496
5,496
5,493
5,490
5,488
5,488
5,489
5,486
5,489
5,492
5,490
5,488
5,487
5,490
5,491
5,487
5,486
5,488
5,490
5,491
5,491
5,489
5,490
5,492
5,494
5,499
5,501
5,506
5,505
5,509
5,507
5,506
5,501
5,501
5,499
5,495
5,492
4,495
4,495
4,497
4,497
4,496
4,496
4,491
3,490
3,488
3,493
3,491
3,492
3,490
3,489
3,486
3,486
3,485
3,484
3,483
3,485
3,486
3,486
3,483
3,484
3,478
3,475
3,476
3,478
3,475
2,478
2,479
2,477
2,474
2,475
2,472
2,476
2,472
2,473
2,471
2,473
2,469
2,468
2,465
2,468
2,467
2,468
2,467
2,468
2,464
2,464
2,465
2,468
1,468
1,469
1,471
1,474
1,474
1,473
1,473
1,474
1,473
1,472
1,472
1,473
1,473
1,471
1,468
1,466
1,467
1,469
1,468
1,467
1,464
1,462
1,457
1,457
1,461
1,464
1,466
1,467
1,465
1,466
1,466
1,464
1,462
1,464
1,466
1,465
1,465
1,470
1,468
1,471
1,472
1,472
1,474
1,478
1,480
1,480
1,481
1,481
1,475
1,476
1,474
1,474
1,476
1,475
1,474
1,474
1,470
1,468
1,471
1,472
1,475
1,474
1,474
1,475
1,472
1,472
1,468
1,467
1,465
1,464
1,470
1,466
1,468
1,472
1,475
1,472
1,467
1,466
1,466
1,463
1,460
1,459
1,459
1,461
1,461
1,459
1,459
1,460
1,460
1,458
1,459
1,460
1,457
1,457
1,456
1,458
1,457
1,453
1,453
1,450
1,451
1,449
1,447
1,451
1,449
1,447
1,448
1,445
1,448
1,445
1,446
1,449
1,448
1,451
1,451
1,449
1,449
1,446
1,448
1,448
1,446
1,448
1,448
1,448
1,448
0,445
0,447
0,449
0,450
0,448
0,454
0,456
0,455
0,449
0,446
0,444
0,443
0,443
0,445
0,447
0,445
0,445
0,446
0,445
0,447
0,448
0,448
0,450
0,453
0,446
0,447
0,451
0,452
0,453
0,452
0,449
0,449
0,446
0,449
0,448
0,447
0,447
0,446
0,447
0,444
0,448
0,446
0,445
0,445
0,448
0,450
0,453
0,452
0,453
0,456
0,457
0,453
0,457
0,456
0,456
0,451
0,450
0,450
0,447
0,447
0,447
0,449
0,447
0,450
0,449
0,446
0,447
0,451
0,450
0,448
0,449
0,452
0,448
0,446
0,447
0,448
0,449
0,445
0,443
0,441
0,444
0,440
0,440
0,444
0,444
0,440
0,442
0,443
0,442
0,443
0,439
0,440
0,439
0,438
0,435
0,436
0,435
0,437
0,436
0,435
0,435
0,435
0,435
0,429
0,427
0,424
0,424
0,428
0,428
0,432
0,434
0,430
0,430
0,425
0,426
0,426
0,428
0,428
0,426
0,426
0,422
0,424
0,427
0,429
0,432
0,430
0,433
0,432
0,432
0,434
0,437
0,438
0,437
0,438
0,433
0,433
0,436
0,435
0,437
0,437
0,439
0,439
0,434
0,437
0,436
0,441
0,440
0,441
0,443
0,443
0,444
0,440
0,444
0,442
0,441
0,442
0,444
0,441
0,437
0,437
0,441
0,438
0,433
0,432
0,431
0,434
0,433
0,429
0,427
0,428
0,428
0,429
0,431
0,432
0,431
0,436
0,435
0,433
0,432
0,432
0,434
0,435
0,434
0,435
0,434
0,436
0,437
0,438
0,438
0,437
0,438
