200,200
200,207
199,215
198,218
194,223
194,227
191,230
190,235
187,241
185,244
182,248
181,252
178,257
177,266
175,266
175,265
172,272
170,278
168,281
165,285
162,290
159,292
157,294
155,297
155,302
152,309
152,314
150,319
148,324
147,326
145,334
143,338
142,342
140,346
139,349
137,356
136,361
135,361
129,366
126,369
124,372
122,374
121,377
118,381
116,387
115,392
113,399
112,399
112,405
111,411
110,411
107,417
107,420
106,421
106,422
105,426
104,429
104,431
104,432
103,435
103,435
101,438
97,440
97,441
95,444
93,447
92,447
92,448
90,453
89,451
88,454
87,458
87,460
87,463
85,464
82,472
81,472
81,478
79,481
78,481
77,483
76,488
76,492
75,497
75,498
73,502
73,502
73,502
71,504
69,507
67,511
66,514
63,520
61,523
61,525
61,527
61,531
60,535
60,533
59,535
58,537
58,536
58,539
56,540
56,539
55,540
55,541
54,540
53,541
52,542
52,543
51,545
51,549
51,549
50,552
50,556
50,554
49,556
48,559
48,562
48,561
48,563
48,563
48,566
48,566
47,565
47,564
47,562
46,562
44,561
44,560
44,561
42,560
40,559
40,562
40,564
39,563
38,565
37,567
37,566
37,564
36,563
36,564
36,563
36,563
36,561
36,563
36,561
36,564
36,560
36,556
35,557
35,559
35,563
35,565
35,565
35,563
35,559
35,561
35,561
35,558
35,564
34,565
34,563
34,565
34,569
34,570
34,564
34,564
33,565
32,568
32,568
30,572
29,574
29,575
29,575
29,577
29,578
28,579
28,580
28,581
28,583
28,584
28,581
28,583
28,585
28,584
28,585
28,585
28,585
28,583
28,581
27,582
27,584
27,583
27,581
27,582
27,583
27,586
26,587
26,586
26,587
26,592
26,593
24,594
23,593
23,595
23,594
22,594
22,587
21,586
20,582
20,581
20,580
20,579
20,583
20,583
19,583
19,584
19,583
19,582
19,584
18,583
18,585
18,584
18,583
17,587
17,586
17,585
17,586
17,587
16,588
16,588
16,585
16,583
16,586
16,581
16,580
16,583
16,584
16,582
16,587
16,587
16,586
16,587
16,587
16,587
16,587
16,589
16,591
16,585
16,587
15,588
15,588
15,590
15,589
15,590
14,591
14,595
14,594
13,593
13,597
13,600
13,601
13,605
13,610
13,609
13,608
13,607
13,609
13,608
13,608
13,610
13,608
13,609
13,610
13,612
12,612
12,611
12,611
12,614
12,616
11,616
11,615
11,613
10,613
10,611
10,613
10,613
9,614
9,615
9,614
8,612
8,612
8,612
8,610
8,611
8,610
8,609
8,608
7,611
7,610
7,607
7,609
7,608
7,608
7,607
7,609
7,609
7,611
7,608
7,607
7,612
7,616
7,618
7,615
7,614
7,611
7,610
7,611
7,613
7,609
7,608
7,609
7,605
7,606
7,602
7,601
7,604
6,604
6,604
6,605
6,608
6,605
5,605
5,603
5,604
5,603
5,605
5,601
5,599
5,603
5,606
5,606
5,605
5,605
5,604
5,602
5,600
5,601
4,603
4,605
4,605
4,604
4,605
4,602
4,602
4,603
4,606
4,604
4,607
4,608
4,606
4,607
4,608
4,609
4,608
4,603
4,602
4,603
4,600
4,598
3,597
3,598
3,598
3,597
3,598
3,598
3,600
3,600
3,601
3,602
3,602
3,603
3,603
3,602
3,603
3,604
3,605
3,603
3,603
3,600
3,603
3,606
3,604
3,603
3,603
3,604
3,603
3,603
3,601
3,603
3,604
3,606
3,608
3,613
3,614
3,613
3,612
3,611
3,611
3,610
3,608
3,608
3,609
3,611
3,610
2,608
2,610
2,607
2,607
2,610
2,612
2,610
2,608
2,612
2,613
1,612
1,608
1,608
1,603
1,604
1,600
1,600
1,599
1,599
1,594
1,594
1,592
1,594
1,594
1,595
1,591
1,592
1,592
1,594
1,593
1,598
1,598
1,599
1,602
1,602
1,601
1,599
1,599
1,600
1,600
1,599
1,599
1,601
1,600
1,603
1,605
1,603
1,605
0,607
0,608
0,609
0,609
0,611
0,614
0,617
0,619
0,616
0,620
0,618
0,617
0,620
0,619
0,618
0,619
0,617
0,618
0,617
0,616
0,620
0,623
0,625
0,625
0,626
0,630
0,633
0,633
0,632
0,628
0,630
0,630
0,627
0,628
0,630
0,631
0,633
0,634
0,638
0,637
0,640
0,637
0,637
0,633
0,632
0,630
0,628
0,632
0,633
0,633
0,636
0,632
0,629
0,631
0,635
0,637
0,638
0,639
0,638
0,639
0,641
0,645
0,645
0,643
0,645
0,644
0,646
0,646
0,646
0,645
0,641
0,639
0,639
0,640
0,639
0,633
0,630
0,628
0,628
0,627
0,625
0,628
0,632
0,636
0,638
0,640
0,640
0,641
0,645
0,651
0,653
0,654
0,657
0,655
0,656
0,661
0,660
0,660
0,658
0,656
0,658
0,659
0,657
0,656
0,655
0,655
0,655
0,655
0,655
0,659
0,658
0,659
0,658
0,658
0,656
0,658
0,658
0,658
0,661
0,661
0,660
0,658
0,661
0,663
0,664
0,662
0,663
0,663
0,664
0,665
0,666
0,665
0,665
0,667
0,669
0,670
0,670
0,669
0,669
0,667
0,669
0,669
0,672
0,672
0,669
0,669
0,669
0,669
0,668
0,669
0,668
0,667
0,667
0,664
0,666
0,670
0,668
0,666
0,668
0,670
0,672
0,671
0,671
0,671
0,671
0,668
0,669
0,670
0,669
0,670
0,673
0,669
0,670
0,672
0,674
0,673
0,673
0,672
0,669
0,665
0,662
0,662
0,662
0,661
0,663
0,661
0,658
0,657
0,656
0,658
0,658
0,662
0,664
0,670
0,671
0,673
0,673
0,671
0,671
0,670
0,669
0,667
0,668
0,668
0,667
0,668
0,670
0,669
0,672
0,670
0,672
0,672
0,675
0,669
0,671
0,670
0,672
0,672
0,674
0,675
0,673
0,674
0,679
0,680
0,680
0,681
0,683
0,684
0,685
0,685
0,683
0,685
0,684
0,680
0,681
0,679
0,677
0,679
0,682
0,679
0,678
0,678
0,680
0,680
0,681
0,681
0,682
0,685
0,686
0,686
0,680
0,682
0,679
0,677
0,676
0,676
0,678
0,679
0,678
0,679
0,679
0,676
0,676
0,672
0,671
0,673
0,676
0,675
0,678
0,677
0,676
0,679
0,680
0,681
0,681
0,681
0,680
0,682
0,684
0,688
0,693
0,696
0,692
0,692
0,693
0,695
0,695
0,696
0,695
0,696
0,697
0,698
0,696
0,694
0,696
0,697
0,699
0,698
0,697
0,694
0,694
0,693
0,696
0,695
0,694
0,694
0,694
0,694
0,688
0,687
0,686
0,687
0,684
0,690
0,693
0,692
0,689
0,689
0,690
0,690
0,691
0,692
0,693
0,691
0,690
0,693
0,692
0,693
0,693
0,694
0,693
0,688
0,690
0,686
0,685
0,686
