400,200
400,208
396,215
395,214
390,217
385,222
382,227
377,232
375,236
374,240
371,243
367,249
363,256
358,261
356,265
352,272
349,277
345,281
344,282
340,284
338,285
335,292
335,296
329,301
324,306
320,312
317,320
315,322
314,327
310,331
308,332
303,337
303,341
303,342
300,347
297,355
296,359
294,363
293,367
289,371
287,378
286,383
284,387
280,392
277,395
277,396
276,396
273,401
271,403
268,406
265,412
262,416
259,417
258,418
254,420
250,425
246,428
243,433
240,433
237,439
237,439
234,445
231,450
230,454
226,458
225,460
222,461
220,460
215,461
214,463
213,460
211,465
207,472
203,473
201,478
196,483
195,485
193,486
193,490
191,494
189,494
187,498
186,502
185,508
181,512
181,515
179,516
175,519
175,520
173,523
171,526
169,528
168,532
165,537
163,538
163,537
161,540
158,545
157,549
156,549
155,552
154,554
152,555
151,559
151,561
150,563
150,563
147,565
146,571
144,573
143,576
141,575
140,575
139,578
137,579
137,580
135,582
134,583
132,587
131,589
129,590
128,593
127,597
125,598
125,599
122,600
119,602
118,602
116,603
116,602
116,602
113,605
112,606
110,606
107,610
106,614
106,617
105,618
104,618
103,621
103,621
102,624
102,623
102,623
100,625
99,628
97,632
97,633
97,636
95,641
95,642
95,643
94,642
93,642
92,640
91,642
90,647
87,649
86,652
86,654
85,654
83,659
83,659
83,658
81,659
80,659
80,659
80,658
80,662
80,664
79,665
78,667
77,670
77,669
76,672
76,671
74,672
73,673
73,674
72,676
71,678
71,680
70,681
70,679
70,679
69,679
69,678
69,678
67,680
66,681
65,680
65,680
64,682
64,682
63,686
63,687
62,687
62,687
62,684
62,686
62,687
61,686
59,689
59,688
57,690
56,689
55,690
55,690
55,693
55,693
53,695
53,694
53,696
52,697
52,697
52,698
52,701
51,701
51,703
51,702
51,702
49,703
49,704
49,701
48,702
48,700
48,696
47,695
47,695
47,696
46,698
46,697
46,695
46,693
45,695
45,696
43,698
42,698
39,702
39,701
39,701
38,700
35,702
33,705
33,709
32,709
31,710
30,708
30,707
30,709
30,708
30,709
30,708
30,709
30,707
30,707
29,706
29,708
29,709
29,711
29,711
28,710
28,710
28,711
28,709
28,714
27,715
27,715
25,715
25,713
25,715
25,715
25,715
24,717
23,717
23,717
23,720
22,721
21,721
21,721
21,720
21,720
20,720
20,724
20,727
19,728
19,727
19,730
19,730
18,736
18,736
18,737
18,736
18,736
18,738
18,740
18,740
18,738
18,737
18,738
18,739
18,738
17,739
17,738
17,735
17,736
17,738
17,739
16,740
16,739
16,740
16,738
15,739
14,739
13,743
13,742
13,742
13,744
13,746
13,745
13,744
13,747
13,747
13,747
13,750
13,750
13,750
13,751
13,752
12,755
12,756
12,755
12,758
12,757
12,755
12,757
12,758
11,758
11,760
11,760
11,757
11,756
11,759
10,760
9,760
9,760
9,760
9,761
9,762
9,764
9,764
9,763
9,758
9,759
9,758
9,757
9,756
9,753
9,750
9,754
9,755
9,755
9,755
9,753
9,753
9,754
9,751
9,751
9,754
9,751
9,752
9,750
9,750
9,751
9,751
9,749
8,749
8,746
8,747
8,751
8,752
8,751
8,749
8,750
8,752
8,753
8,752
8,752
8,753
8,751
8,752
8,749
8,751
8,751
8,750
7,752
7,754
7,752
7,755
7,755
6,756
6,754
6,754
6,756
6,756
6,758
6,759
6,757
6,754
6,755
6,752
6,753
6,754
5,756
5,756
5,754
5,753
5,754
5,751
5,750
5,754
5,754
5,754
5,752
5,752
5,750
5,749
5,746
5,747
5,746
5,745
5,746
5,743
5,741
5,739
5,739
5,737
4,738
4,737
4,735
4,737
4,738
4,739
4,739
4,738
4,733
4,732
4,730
4,728
4,731
4,732
4,730
4,729
4,729
3,732
3,732
3,733
3,732
3,729
3,727
3,725
3,725
3,726
3,726
3,726
3,731
3,731
3,730
3,730
3,730
3,732
3,732
3,733
3,732
3,731
3,729
3,728
3,727
2,726
2,730
2,732
2,733
2,735
1,735
1,733
1,735
1,733
1,733
1,733
1,730
1,727
1,727
1,729
1,732
1,733
1,733
1,734
1,732
1,730
1,729
1,730
1,736
1,736
1,737
1,736
1,738
1,740
1,739
1,740
1,742
1,742
1,743
1,741
1,740
1,742
1,743
1,742
1,743
1,740
1,739
1,741
1,741
1,739
1,740
1,742
1,742
1,741
1,740
1,740
1,736
1,735
1,737
1,736
1,735
1,731
1,728
1,731
1,731
1,725
1,725
1,725
1,726
1,726
1,726
1,723
1,724
0,725
0,724
0,723
0,721
0,722
0,722
0,721
0,721
0,723
0,724
0,724
0,727
0,724
0,725
0,724
0,723
0,723
0,723
0,724
0,721
0,721
0,718
0,720
0,719
0,717
0,719
0,721
0,721
0,719
0,718
0,724
0,727
0,723
0,724
0,724
0,724
0,725
0,723
0,728
0,727
0,729
0,729
0,729
0,730
0,730
0,732
0,733
0,730
0,729
0,727
0,726
0,727
0,721
0,722
0,725
0,727
0,728
0,727
0,726
0,727
0,729
0,729
0,733
0,735
0,737
0,738
0,740
0,740
0,737
0,738
0,734
0,736
0,736
0,737
0,739
0,740
0,740
0,737
0,734
0,733
0,733
0,735
0,734
0,735
0,735
0,735
0,736
0,733
0,732
0,732
0,729
0,727
0,729
0,727
0,730
0,731
0,729
0,728
0,728
0,726
0,726
0,727
0,728
0,725
0,725
0,724
0,725
0,726
0,728
0,725
0,726
0,723
0,721
0,722
0,724
0,723
0,727
0,727
0,729
0,732
0,737
0,737
0,738
0,737
0,738
0,737
0,737
0,735
0,733
0,736
0,736
0,738
0,739
0,739
0,738
0,735
0,735
0,735
0,735
0,733
0,739
0,739
0,740
0,738
0,740
0,737
0,738
0,741
0,741
0,742
0,746
0,745
0,744
0,743
0,745
0,746
0,746
0,745
0,746
0,749
0,748
0,745
0,744
0,743
0,748
0,747
0,746
0,744
0,740
0,739
0,737
0,738
0,738
0,738
0,740
0,739
0,740
0,742
0,735
0,734
0,737
0,736
0,738
0,738
0,737
0,737
0,734
0,735
0,735
0,736
0,737
0,734
0,735
0,736
0,736
0,737
0,733
0,732
0,732
0,732
0,730
0,732
0,731
0,732
0,735
0,736
0,736
0,736
0,733
0,733
0,731
0,731
0,729
0,732
0,731
0,731
0,730
0,729
0,730
0,729
0,733
0,735
0,734
0,731
0,731
0,729
0,728
0,726
0,725
0,726
0,727
0,726
0,726
0,724
0,725
0,721
0,722
0,721
0,721
0,724
0,722
0,720
0,722
0,723
0,726
0,725
0,725
0,727
0,729
0,728
0,728
0,731
0,733
0,734
0,735
