900,50
900,53
891,58
882,59
873,64
864,71
856,76
848,77
839,81
830,86
822,88
814,93
805,97
797,102
789,108
781,109
773,113
765,121
758,121
750,123
742,127
733,128
727,130
722,133
714,134
707,139
699,148
690,153
682,158
677,162
672,166
666,171
658,173
651,175
646,177
642,178
634,181
628,185
622,188
614,191
607,194
598,200
591,202
584,208
578,209
573,209
569,209
564,212
557,214
550,217
543,217
535,221
530,222
525,227
521,229
514,235
508,236
503,236
497,240
491,244
487,243
481,245
475,249
469,253
461,254
456,257
451,258
447,263
447,263
443,266
437,265
434,269
430,275
427,278
419,278
414,281
410,283
408,287
401,292
396,295
392,297
388,298
382,304
378,305
375,306
371,309
368,311
364,310
362,310
361,312
357,316
354,317
351,318
348,322
347,322
343,325
342,324
339,324
338,325
337,329
333,334
330,334
324,336
322,336
320,333
316,335
316,337
311,341
308,344
305,348
303,352
300,354
294,356
292,359
288,361
283,362
280,364
276,367
272,370
272,368
268,371
265,375
261,377
257,382
254,385
251,386
247,384
246,382
244,385
240,385
237,388
234,390
231,393
229,394
228,396
228,397
223,402
222,403
222,401
219,401
216,400
211,401
208,405
205,409
203,411
203,411
201,410
199,412
197,416
196,415
195,415
193,413
189,414
187,415
185,415
183,414
181,414
181,414
178,415
173,417
171,416
170,417
168,417
166,413
165,414
162,412
160,413
159,416
158,416
158,413
156,413
155,416
153,413
152,414
150,414
149,413
147,413
146,413
146,411
142,413
140,412
138,413
136,413
136,413
135,413
134,418
132,417
132,418
132,419
130,418
126,418
125,422
125,425
124,423
124,424
122,425
121,427
119,428
117,431
117,427
117,427
115,427
115,426
113,425
111,424
110,429
109,427
107,428
106,430
105,430
103,429
100,434
100,435
100,435
99,436
98,436
96,438
95,437
94,439
93,437
92,434
91,432
90,433
88,435
88,439
88,436
87,441
86,446
86,447
86,444
84,444
84,445
83,446
82,446
81,447
80,450
80,455
78,456
78,455
78,455
78,459
78,458
77,458
76,456
76,459
76,460
76,460
74,460
73,464
73,466
73,468
73,468
72,471
71,471
71,469
70,472
70,470
70,474
70,472
70,475
68,478
67,477
65,477
63,480
63,477
61,477
60,478
60,482
60,487
59,489
59,489
59,485
56,488
56,492
56,493
56,491
55,491
54,492
54,493
53,490
52,491
52,492
52,494
52,495
51,497
50,495
50,496
50,498
49,503
47,508
47,512
47,511
46,510
46,510
44,511
43,508
43,513
42,513
42,512
42,515
42,515
42,514
42,511
41,510
40,512
39,513
38,513
37,514
36,516
36,514
36,513
36,511
35,511
34,510
33,511
33,512
33,515
32,513
32,513
32,515
31,513
30,509
30,512
30,518
29,520
29,519
29,515
29,515
29,512
29,514
28,513
28,518
27,519
27,519
27,521
25,524
25,523
25,524
25,522
25,523
24,523
23,523
23,525
23,527
23,528
23,531
22,532
22,533
21,536
21,537
21,533
21,534
20,535
20,538
20,536
20,538
20,534
19,534
19,532
19,529
19,531
19,530
19,531
19,532
19,530
19,530
19,529
19,529
19,528
18,527
18,530
18,528
18,526
17,526
17,525
17,522
16,524
16,520
16,521
16,521
16,522
15,523
15,520
15,518
14,516
14,518
14,515
14,514
14,517
13,521
13,522
13,522
13,520
13,522
13,522
13,521
13,522
13,521
13,520
13,519
13,521
13,518
13,521
13,522
13,520
13,522
13,523
13,523
13,523
13,522
13,519
13,516
13,511
13,513
13,511
13,509
13,506
13,508
12,506
12,506
12,508
12,506
12,503
12,509
12,509
12,507
12,506
12,506
12,509
12,511
12,512
12,515
12,514
12,515
12,515
11,509
11,510
11,506
11,507
11,505
11,506
11,506
10,509
10,510
9,510
9,509
9,508
9,509
9,511
9,513
9,512
9,511
9,515
9,515
9,518
9,519
9,519
9,520
9,521
9,520
9,515
9,515
8,518
8,517
8,519
8,521
8,521
8,526
8,526
8,521
8,521
8,522
8,522
8,524
8,526
8,528
8,528
8,525
8,525
8,524
8,526
8,530
8,525
8,523
8,523
8,520
8,519
8,519
8,517
8,517
8,514
8,516
8,514
7,516
7,514
7,512
7,511
7,509
7,511
7,511
7,510
7,511
7,510
7,510
7,511
7,508
7,506
7,504
7,504
7,503
6,499
6,495
6,493
6,492
6,494
6,496
6,497
6,494
6,496
6,494
6,495
6,496
6,494
6,494
6,491
6,490
6,490
6,491
6,487
6,488
6,488
6,491
6,491
6,489
6,491
6,491
6,492
6,492
6,490
6,489
6,490
6,489
6,489
6,490
6,488
6,492
6,494
6,497
6,495
6,495
6,495
6,495
6,493
6,493
6,494
6,496
6,495
6,496
6,500
6,501
6,500
6,497
6,497
6,496
6,491
6,496
6,494
6,495
6,495
6,495
6,493
6,495
5,497
5,496
5,495
5,494
5,496
5,498
5,495
5,494
5,497
5,498
5,497
5,499
5,496
5,493
5,493
5,493
5,491
5,492
5,495
5,495
5,494
5,496
5,494
5,495
5,498
5,500
5,500
5,498
5,500
5,498
5,498
5,497
5,496
5,498
5,497
5,496
5,496
5,495
5,496
5,497
5,494
5,495
5,493
5,494
5,494
5,494
5,495
5,498
5,496
5,494
5,494
5,497
5,501
5,502
5,500
5,499
5,498
5,499
5,500
5,499
5,498
4,499
4,499
4,499
4,501
4,502
4,506
4,508
4,506
4,506
4,506
4,504
4,504
4,503
4,500
4,499
3,496
2,500
2,497
2,496
2,495
2,494
2,496
2,492
2,489
2,489
2,489
2,489
2,488
2,494
2,490
2,492
2,494
2,492
2,496
2,500
2,497
2,501
2,501
2,501
2,502
2,502
2,502
2,499
2,499
2,498
2,498
2,500
2,502
2,503
2,504
2,507
2,505
2,508
2,512
2,510
2,512
2,515
2,514
2,515
2,515
2,516
2,516
2,515
2,512
2,511
2,507
2,505
2,506
2,510
2,509
2,513
2,513
2,512
2,513
2,510
2,510
2,509
2,510
2,509
2,507
2,507
2,508
2,506
2,507
2,510
2,511
2,508
2,508
2,510
2,513
2,513
2,515
2,515
2,514
2,512
2,510
2,513
2,512
2,513
2,513
2,514
2,514
2,515
2,517
2,513
2,514
2,513
2,514
2,510
2,509
2,511
2,514
2,511
2,509
2,512
2,512
2,513
2,514
2,516
2,519
2,518
2,517
2,516
2,514
2,516
2,517
2,515
2,518
2,519
2,521
2,525
2,523
2,523
2,523
2,526
2,525
2,526
2,526
2,524
2,522
2,522
2,523
2,522
2,521
2,520
2,520
2,522
2,520
2,517
2,518
2,517
2,519
2,519
2,521
2,523
2,523
2,525
2,521
2,521
2,523
2,520
2,521
2,522
2,522
2,523
2,523
2,524
2,522
