800,150
800,159
791,164
784,164
775,168
767,175
760,180
752,183
744,186
736,191
727,199
720,203
715,208
707,217
703,220
697,222
693,226
685,231
679,239
674,243
669,247
663,249
656,254
652,257
647,261
638,268
632,272
626,277
620,280
614,286
607,294
601,298
598,300
596,301
589,304
584,308
580,307
572,315
564,318
555,326
550,329
546,331
539,338
533,344
529,349
523,354
517,356
512,363
507,368
504,366
498,371
492,375
492,374
485,380
478,383
473,385
469,390
465,394
458,401
452,405
449,406
445,413
443,415
438,419
434,422
431,423
426,428
422,431
419,430
415,435
411,440
406,442
402,445
399,451
397,452
390,458
385,459
381,463
377,463
375,465
370,470
366,474
364,476
361,479
358,480
355,483
354,486
351,492
348,498
343,504
339,504
334,507
332,508
329,511
325,516
324,517
320,520
318,519
318,521
318,522
315,522
313,527
310,530
307,531
305,531
301,532
297,537
292,542
287,543
286,547
283,551
281,553
277,555
273,555
271,553
268,556
265,556
264,553
262,555
257,559
253,562
250,563
245,566
243,565
239,568
237,571
235,574
232,573
229,571
227,574
226,575
222,580
222,581
220,583
218,585
217,584
216,585
214,586
213,586
210,591
207,593
204,597
203,597
202,599
200,601
198,602
197,602
195,604
191,605
190,606
188,610
188,610
187,611
183,613
180,615
177,618
176,619
175,617
173,616
171,614
170,612
169,612
168,612
165,614
163,617
162,620
160,622
159,626
158,626
157,626
155,626
154,626
152,627
150,628
149,631
146,631
145,634
144,635
143,635
141,638
141,641
139,641
139,642
137,645
135,643
133,647
132,649
130,651
128,652
127,655
126,653
125,655
123,653
123,653
122,655
121,657
121,658
120,659
118,661
117,662
116,665
116,664
115,665
114,668
113,669
113,672
113,671
112,671
112,667
111,665
110,665
108,665
107,667
106,668
105,669
105,668
104,667
104,666
104,663
103,667
101,671
100,671
99,671
98,674
98,673
97,676
94,678
94,677
93,679
92,680
91,681
90,682
89,686
88,686
87,690
87,689
87,690
87,688
86,688
85,686
84,684
84,682
82,684
79,685
79,683
78,684
78,684
77,685
77,684
76,682
75,684
74,685
72,685
72,685
71,685
67,686
65,686
65,685
65,680
65,680
62,683
61,685
59,686
59,687
58,683
58,683
58,685
58,683
56,685
55,685
53,686
52,686
51,688
51,688
51,690
51,687
51,685
50,684
49,683
48,682
48,683
47,684
47,683
47,684
47,684
46,684
46,688
46,683
45,685
44,684
44,682
43,681
43,683
42,684
41,684
41,682
39,686
39,687
38,688
38,686
38,684
38,686
38,687
38,686
37,685
35,689
35,687
35,688
35,688
35,686
34,688
34,694
34,694
34,695
34,692
34,694
34,696
34,695
32,697
32,696
31,696
31,697
31,700
29,703
29,701
29,700
28,699
28,700
28,701
28,704
27,704
26,703
26,702
26,701
26,697
25,698
25,694
24,696
24,695
24,696
23,697
23,697
23,699
23,697
23,701
23,698
23,697
22,699
22,701
21,698
21,700
21,702
21,703
21,699
21,700
21,701
21,701
20,698
20,698
20,700
19,700
19,701
19,697
18,700
18,697
18,700
18,700
18,701
18,704
18,702
17,707
17,708
17,708
17,710
17,711
16,713
16,711
16,712
16,709
16,707
16,707
16,707
16,708
16,709
15,708
15,703
15,698
15,696
15,700
13,703
13,707
13,707
13,705
13,703
13,701
12,703
12,699
12,700
12,697
11,697
11,699
11,698
11,701
11,700
11,699
11,699
11,698
11,702
11,701
11,698
11,698
11,697
11,698
11,698
11,693
11,693
11,692
11,690
11,694
11,696
11,695
11,696
11,695
11,694
11,694
11,695
11,696
10,695
10,695
10,696
10,693
10,689
9,691
9,693
9,695
9,691
9,692
9,693
9,693
9,692
9,691
9,688
8,690
8,692
8,691
8,693
8,698
8,698
8,698
7,693
7,693
7,697
7,700
6,702
6,702
5,700
5,696
5,695
4,696
4,702
4,702
4,702
4,702
4,704
4,706
4,708
4,706
4,707
4,708
4,709
4,710
4,714
4,714
4,714
4,713
4,711
4,715
4,716
4,712
4,711
4,714
4,714
4,717
4,718
4,719
4,719
4,722
4,720
4,726
4,726
4,722
4,718
4,714
4,715
4,719
4,720
4,720
4,716
4,719
4,719
4,718
4,722
4,720
4,721
4,719
4,718
4,718
4,718
4,721
4,720
4,722
4,721
4,719
4,717
4,718
4,718
4,719
4,718
4,718
4,716
4,718
4,720
4,722
4,720
4,719
4,717
4,715
4,717
4,718
4,718
4,718
4,716
4,717
3,716
3,715
3,712
3,710
3,710
3,712
3,711
3,710
3,708
3,711
3,709
3,708
3,707
3,705
3,704
3,702
3,699
3,698
3,696
3,696
3,697
3,697
3,694
3,695
3,698
3,699
3,698
3,694
3,695
3,692
3,692
3,691
3,693
3,689
3,687
3,686
3,684
3,681
3,681
3,683
3,684
3,685
3,684
3,683
3,682
3,684
3,684
3,691
3,695
3,698
3,694
3,691
3,690
3,689
3,691
3,694
3,694
3,692
3,692
3,692
3,694
3,694
3,695
3,695
3,696
3,694
3,696
3,698
3,698
3,699
3,697
2,697
2,698
2,701
2,699
2,699
2,697
2,693
2,691
2,694
2,693
2,696
2,696
2,694
2,696
2,699
2,700
2,700
2,699
2,698
2,697
2,700
2,698
2,698
2,699
2,696
2,695
2,692
2,690
2,688
2,688
2,690
2,691
2,690
2,687
2,687
2,687
2,688
2,691
2,689
2,687
2,688
2,685
2,685
2,684
2,684
2,685
2,682
2,682
2,679
2,679
2,678
2,680
2,681
2,681
2,680
2,683
2,680
2,676
2,675
2,671
2,671
2,670
2,668
2,668
2,668
2,670
2,673
2,675
2,669
2,672
2,673
2,674
2,671
2,670
2,666
2,663
2,664
2,666
2,667
2,668
2,668
2,671
2,672
2,676
2,679
2,683
2,683
2,683
2,682
2,681
2,679
2,681
2,677
2,680
2,684
2,682
2,683
2,686
2,684
2,685
2,683
2,677
2,675
2,672
2,671
2,672
2,673
2,671
2,672
2,674
2,674
2,675
2,677
2,676
2,677
2,678
2,679
2,681
2,681
2,681
2,680
2,679
2,680
2,680
2,680
2,678
2,679
2,680
2,680
2,679
2,680
2,682
2,681
2,679
2,676
2,679
2,678
2,680
2,681
2,683
2,683
2,685
2,688
2,689
2,692
2,691
2,690
2,690
2,688
2,685
2,682
2,685
2,685
2,689
2,690
2,691
2,693
2,692
1,694
1,692
1,691
1,694
1,696
1,698
1,696
1,698
1,698
1,701
1,703
1,701
1,703
1,706
1,703
1,701
1,700
1,701
1,699
1,701
1,700
1,699
1,700
1,699
1,699
1,698
1,698
1,700
1,701
1,701
1,699
1,699
1,698
1,697
1,697
1,703
1,703
1,701
1,703
