700,250
700,256
693,262
687,268
678,274
671,281
665,287
661,289
651,299
646,307
637,316
632,321
628,324
622,327
615,333
606,341
602,342
599,345
593,349
586,355
578,361
573,365
567,371
559,378
553,379
548,384
542,390
538,393
531,400
527,404
521,406
516,410
510,414
505,419
498,423
493,427
484,434
477,440
471,447
468,449
462,453
455,458
451,461
448,464
442,470
436,475
433,479
429,483
425,485
420,488
414,493
408,500
406,502
399,509
395,512
392,511
389,511
383,514
378,517
377,521
371,526
366,534
364,533
359,535
356,536
354,542
351,544
351,544
347,546
344,549
339,553
334,555
328,560
324,561
320,563
318,568
315,572
311,574
304,582
301,583
298,586
296,589
291,594
289,596
286,601
284,602
282,603
281,606
277,612
274,615
273,616
268,621
264,625
261,628
259,631
255,634
254,638
252,640
249,645
247,648
246,648
242,649
240,650
239,649
233,654
231,657
229,659
227,663
226,666
224,670
223,671
219,675
218,675
216,677
215,679
213,682
209,684
206,684
204,685
203,686
203,687
201,690
199,692
197,693
194,695
192,695
192,694
190,700
187,702
184,706
182,710
179,712
177,713
175,717
173,720
171,722
169,721
169,724
168,727
167,730
167,732
166,734
166,733
164,736
162,737
162,738
161,740
158,742
156,744
155,744
154,745
153,745
152,746
149,750
145,752
143,751
141,754
140,755
137,761
136,759
134,761
134,760
133,763
133,761
131,763
129,764
128,764
126,764
124,766
123,765
122,766
122,765
119,769
117,771
117,773
115,775
114,777
113,778
112,779
111,778
111,778
108,781
107,781
107,782
104,788
102,789
102,790
101,790
99,793
98,794
98,792
96,797
94,796
94,796
94,794
93,797
92,799
91,799
90,799
89,798
88,798
86,801
84,802
81,808
80,809
80,808
80,809
80,808
79,808
79,809
77,810
77,811
76,811
76,811
75,809
74,807
74,807
72,811
71,812
70,812
70,812
68,816
68,816
66,817
65,817
64,820
64,821
63,820
63,820
63,823
61,828
61,828
61,828
60,830
59,829
59,830
59,829
58,830
58,829
58,828
58,829
56,830
56,830
56,829
56,828
55,830
53,833
53,833
53,832
52,832
52,832
51,831
51,832
51,835
50,836
50,836
49,837
48,837
47,839
46,840
46,841
46,840
46,840
46,838
45,839
44,839
44,839
44,839
44,840
42,842
42,841
41,840
40,843
38,844
38,843
38,843
37,844
37,845
36,846
35,846
35,846
34,846
34,845
34,844
34,845
34,844
34,842
34,841
34,843
32,844
32,842
31,842
31,842
31,840
30,841
29,843
28,844
28,843
27,843
27,843
27,844
25,843
25,846
25,847
25,847
25,847
25,845
24,847
24,844
24,844
24,845
23,847
23,849
23,851
23,850
23,847
23,846
23,845
23,846
23,845
23,843
22,844
22,843
22,844
22,840
22,839
22,839
22,839
22,840
22,840
22,841
22,842
22,841
22,840
22,838
22,839
22,837
21,839
21,840
21,839
21,838
21,839
21,835
21,834
21,833
20,832
20,836
20,836
19,835
19,832
19,832
18,831
18,830
18,829
18,828
18,827
18,825
18,827
18,828
17,830
17,831
17,834
17,833
17,836
17,837
17,838
17,841
17,843
17,843
17,842
17,838
17,839
17,837
17,838
17,841
17,838
17,838
16,841
16,839
16,840
16,840
15,842
15,840
15,838
14,840
14,840
14,843
14,840
14,841
14,840
14,841
14,841
14,842
14,841
14,839
14,839
14,839
14,841
14,839
14,839
14,839
14,839
14,839
14,839
14,837
14,834
14,836
13,838
12,840
12,839
12,837
12,841
12,838
12,837
12,836
12,835
12,837
12,840
12,841
12,841
12,841
12,841
12,841
12,841
11,841
11,842
11,840
11,842
11,842
11,842
11,843
11,844
10,843
10,842
10,843
10,843
10,843
10,842
10,844
10,840
10,839
10,839
10,839
10,838
10,840
10,842
10,840
10,837
10,838
10,837
10,837
10,839
10,838
10,838
10,837
10,838
10,838
10,839
10,839
10,839
10,840
10,842
10,840
10,837
10,834
10,835
10,836
9,838
9,838
9,841
9,843
9,844
9,843
9,842
9,842
9,846
9,846
9,844
9,843
9,843
9,842
9,842
9,844
9,844
8,845
8,846
8,848
8,848
8,846
8,847
8,847
8,849
8,849
8,852
7,853
7,854
7,853
7,852
7,848
7,849
7,846
6,847
6,844
6,844
6,844
5,845
5,842
5,844
5,844
5,845
5,843
5,841
4,840
4,843
3,845
3,848
3,849
3,851
3,852
3,850
3,853
3,850
3,848
3,850
3,850
3,852
3,853
3,851
3,849
3,850
3,849
3,850
3,852
3,851
3,850
3,850
3,848
3,849
3,848
3,847
3,844
3,844
3,843
3,843
3,842
3,845
3,843
3,841
3,842
3,839
3,838
3,838
2,838
2,839
2,839
2,840
2,839
2,840
2,842
2,842
2,841
2,841
2,841
2,841
2,841
2,841
2,836
2,834
2,833
2,835
2,834
2,832
2,835
2,835
2,837
2,838
2,840
2,840
2,844
2,845
2,844
2,843
2,841
2,841
2,844
2,843
2,843
2,844
2,845
2,845
2,845
2,844
2,846
2,846
1,847
1,846
1,847
1,848
1,846
1,847
1,847
1,850
1,848
1,848
1,847
1,847
1,849
1,847
1,846
1,848
1,849
1,848
1,849
1,848
1,845
1,847
1,847
1,848
1,849
1,849
1,848
1,850
1,852
1,848
1,846
1,846
1,844
1,846
1,847
1,846
1,847
1,848
1,845
1,844
1,842
1,841
1,844
1,845
1,845
1,844
1,845
1,846
0,846
0,848
0,849
0,850
0,850
0,853
0,856
0,859
0,859
0,860
0,861
0,862
0,858
0,859
0,860
0,861
0,862
0,858
0,860
0,861
0,861
0,859
0,857
0,857
0,856
0,857
0,856
0,854
0,855
0,855
0,856
0,858
0,857
0,857
0,856
0,857
0,854
0,853
0,852
0,855
0,856
0,855
0,856
0,859
0,863
0,864
0,864
0,866
0,865
0,863
0,861
0,861
0,862
0,862
0,862
0,861
0,860
0,862
0,862
0,864
0,863
0,862
0,863
0,865
0,865
0,868
0,867
0,868
0,867
0,866
0,866
0,867
0,868
0,868
0,870
0,871
0,870
0,867
0,868
0,868
0,868
0,867
0,866
0,864
0,865
0,864
0,862
0,861
0,862
0,859
0,860
0,860
0,863
0,863
0,864
0,864
0,863
0,861
0,859
0,856
0,859
0,860
0,861
0,861
0,862
0,862
0,861
0,860
0,861
0,860
0,859
0,858
0,857
0,857
0,858
0,858
0,860
0,861
0,860
0,860
0,858
0,857
0,855
0,853
0,853
0,854
0,853
0,853
0,853
0,855
0,855
0,853
0,852
0,852
0,853
0,850
0,849
0,851
0,855
0,854
0,852
0,850
0,850
0,850
0,852
0,851
0,853
0,852
0,853
0,854
0,855
0,856
0,856
0,857
0,861
0,861
0,864
0,862
0,863
