700,50
700,53
692,54
684,56
677,58
673,60
667,60
660,65
652,68
645,71
639,73
630,74
621,75
615,78
609,82
606,86
600,87
596,88
590,91
583,93
577,96
570,97
569,99
563,102
557,103
552,106
545,108
539,109
531,111
524,115
521,118
520,122
515,123
507,124
501,127
495,129
492,130
487,136
484,138
480,139
476,143
473,146
472,149
466,153
462,156
457,158
452,161
449,159
444,163
438,166
435,169
431,168
426,170
419,172
414,173
411,175
407,177
402,178
400,178
394,180
387,182
382,186
378,186
374,187
372,185
367,186
362,188
357,188
353,191
350,192
346,191
343,192
339,192
334,192
329,195
325,197
323,200
321,200
317,201
313,199
312,198
307,201
304,200
302,199
300,200
298,200
297,200
293,203
290,204
287,204
285,202
282,203
280,203
276,204
271,206
268,209
263,212
260,212
258,211
256,210
253,208
252,213
250,216
249,217
245,220
241,218
240,220
238,224
234,223
234,226
230,227
229,228
229,225
229,226
224,227
222,226
221,222
218,221
217,220
212,220
209,223
207,226
205,228
202,227
197,227
194,228
191,232
189,235
187,235
186,238
184,240
183,239
182,238
181,237
179,240
177,241
175,242
171,244
168,244
168,238
168,236
166,234
166,233
166,233
164,234
163,232
161,232
160,233
158,235
154,235
153,235
151,237
151,236
148,238
144,240
140,243
138,247
137,246
135,249
135,249
134,249
134,251
132,251
129,252
128,252
127,251
124,253
122,255
120,253
119,255
117,256
116,257
114,256
114,252
112,252
110,253
109,254
108,255
108,257
106,258
105,260
104,262
103,265
99,264
99,264
98,264
98,261
98,260
98,258
97,264
95,266
94,267
93,271
93,271
93,268
91,268
90,265
88,266
86,266
85,264
84,265
81,267
79,265
78,266
78,266
76,264
76,262
76,257
75,258
75,260
75,256
75,258
74,261
73,260
73,260
72,257
70,255
70,259
68,262
67,265
67,266
67,265
64,266
64,266
64,268
64,265
62,266
61,268
61,270
61,271
60,271
60,271
60,271
59,273
59,276
59,275
58,276
57,278
57,278
57,274
56,278
56,276
55,277
55,276
55,278
55,276
53,279
53,282
53,283
52,285
52,284
52,282
52,281
52,280
52,277
52,276
51,270
50,272
50,271
49,270
49,270
48,271
48,274
48,271
48,270
48,271
48,269
48,269
48,270
48,273
46,271
46,271
45,274
45,273
44,273
44,271
44,273
44,274
44,274
44,272
43,273
42,270
42,269
42,270
42,268
42,268
42,265
41,268
41,269
41,271
41,273
41,272
41,273
39,272
39,274
39,275
39,272
38,271
38,271
38,270
38,271
38,271
38,275
38,274
38,273
38,272
38,273
38,272
38,275
38,275
37,273
37,273
37,272
37,269
37,268
36,268
34,269
34,266
34,265
33,264
32,264
32,263
32,260
32,258
32,257
32,258
32,260
32,261
31,264
31,260
31,261
31,266
30,268
30,269
30,273
30,273
30,273
29,270
28,274
28,273
28,273
28,274
27,275
27,279
27,281
26,278
26,279
26,275
26,275
26,277
26,280
26,283
26,286
25,288
25,287
25,287
25,289
25,289
25,289
24,291
23,289
22,290
22,288
22,290
21,292
19,291
19,292
19,293
19,296
19,296
19,291
19,296
18,296
18,297
18,295
18,296
18,294
18,296
18,298
18,296
16,297
16,296
16,292
16,297
15,296
15,296
15,297
15,295
15,299
15,298
15,299
15,296
15,294
15,294
15,295
15,296
15,296
15,296
15,294
13,293
13,293
13,292
13,289
13,289
13,287
13,288
13,291
13,292
13,291
13,290
13,292
12,294
12,293
12,292
12,289
12,291
12,292
12,295
11,296
11,295
11,296
11,297
11,297
11,295
11,296
11,295
11,295
10,296
10,293
10,297
10,295
10,293
10,293
10,292
10,293
10,295
10,295
10,297
10,296
10,294
10,295
10,296
10,295
10,294
10,295
10,294
10,292
10,292
10,291
10,289
10,291
10,293
10,295
10,294
10,292
10,291
10,292
10,291
10,292
10,292
10,291
10,288
10,287
10,289
9,289
9,290
9,287
9,288
9,288
9,284
9,284
9,288
9,287
9,290
9,290
9,289
9,290
8,292
8,294
8,292
8,291
8,288
8,288
8,288
8,288
8,287
8,288
8,288
8,287
8,286
8,288
8,287
8,288
8,288
7,284
7,286
7,287
7,286
6,283
5,284
5,283
5,284
5,284
5,288
5,288
5,290
5,290
5,292
4,294
4,293
4,291
4,292
4,290
4,289
4,287
4,291
4,288
4,288
3,287
3,288
3,285
2,286
2,287
2,285
2,285
2,281
2,285
2,279
2,280
2,278
2,280
2,282
2,279
2,278
2,280
2,280
2,279
2,277
2,276
2,277
2,279
2,279
2,277
2,280
2,283
2,283
2,283
2,284
2,285
2,284
2,282
2,282
2,284
2,285
2,289
1,291
1,291
1,291
1,289
1,288
1,287
1,288
1,291
1,292
1,292
1,292
1,291
1,292
0,289
0,288
0,289
0,291
0,291
0,287
0,285
0,287
0,286
0,285
0,286
0,285
0,282
0,284
0,286
0,284
0,286
0,285
0,283
0,284
0,283
0,281
0,281
0,282
0,283
0,282
0,286
0,285
0,285
0,283
0,280
0,283
0,282
0,284
0,281
0,280
0,277
0,276
0,275
0,273
0,272
0,270
0,273
0,273
0,273
0,273
0,273
0,273
0,277
0,279
0,276
0,278
0,277
0,276
0,279
0,280
0,279
0,277
0,278
0,280
0,281
0,280
0,283
0,281
0,284
0,285
0,283
0,283
0,279
0,277
0,277
0,274
0,276
0,275
0,277
0,278
0,276
0,274
0,274
0,273
0,269
0,268
0,270
0,269
0,270
0,271
0,271
0,271
0,271
0,271
0,271
0,272
0,270
0,268
0,271
0,268
0,272
0,272
0,274
0,273
0,272
0,274
0,274
0,274
0,273
0,273
0,274
0,275
0,274
0,272
0,270
0,268
0,271
0,270
0,269
0,269
0,267
0,267
0,266
0,267
0,264
0,264
0,264
0,267
0,270
0,269
0,269
0,271
0,270
0,273
0,273
0,274
0,275
0,276
0,276
0,279
0,281
0,280
0,282
0,282
0,282
0,281
0,275
0,275
0,275
0,272
0,269
0,271
0,271
0,271
0,268
0,265
0,268
0,271
0,272
0,275
0,274
0,275
0,274
0,273
0,270
0,269
0,267
0,268
0,267
0,267
0,266
0,266
0,265
0,267
0,264
0,263
0,265
0,266
0,270
0,267
0,266
0,267
0,266
0,266
0,264
0,265
0,266
0,266
0,267
0,268
0,269
0,268
0,269
0,269
0,270
0,270
0,271
0,268
0,269
0,273
0,275
0,275
0,274
0,271
0,272
0,274
0,274
0,271
0,273
0,275
0,275
0,272
0,271
0,272
0,274
0,274
0,276
0,276
0,272
0,272
0,271
0,274
0,274
0,275
0,279
0,278
0,279
0,279
0,276
0,282
0,283
0,281
0,280
0,281
0,278
0,276
0,274
