50,50
45,55
48,54
50,54
51,54
54,53
55,53
55,52
57,52
57,52
57,52
59,51
62,51
65,52
66,50
66,50
65,51
66,51
70,52
70,52
72,53
75,54
76,54
79,54
80,55
82,54
84,55
86,54
90,54
92,54
95,54
95,52
96,51
98,50
99,49
101,47
105,47
107,48
105,47
107,46
109,45
108,44
109,44
111,43
111,43
115,43
114,42
116,41
114,41
115,41
118,41
119,41
119,40
120,41
119,41
121,42
124,43
126,42
125,42
128,42
126,42
128,41
131,41
131,42
132,41
136,41
136,41
137,41
137,41
138,41
140,41
140,42
140,42
142,42
142,40
144,40
142,40
145,40
144,40
144,40
144,40
144,40
147,41
145,41
146,41
151,41
150,41
150,39
147,39
144,40
148,41
151,41
153,40
154,41
154,42
154,42
157,42
159,42
160,43
163,45
166,45
163,46
166,46
167,46
167,46
167,46
168,45
167,44
167,43
168,44
171,43
171,43
171,44
175,43
175,43
174,43
174,42
173,40
173,40
171,40
170,38
169,38
170,37
169,38
170,37
173,36
175,37
178,37
178,37
180,37
181,37
181,35
184,35
182,35
185,35
186,34
185,37
183,37
182,36
182,36
178,36
179,37
179,37
181,36
181,35
180,34
182,32
183,31
183,33
181,34
185,34
186,35
186,34
187,34
188,32
189,32
192,32
196,32
194,32
197,31
195,31
197,30
198,30
198,31
198,29
197,28
197,28
197,28
198,28
198,28
197,29
194,29
198,29
199,29
199,30
202,30
202,31
202,31
203,30
206,33
213,31
211,30
214,30
215,29
217,29
220,29
218,30
220,31
220,30
221,30
222,30
223,30
222,29
224,30
223,28
225,28
223,28
223,28
223,28
224,28
219,29
219,29
215,30
213,30
216,30
218,30
218,29
219,30
219,30
219,30
217,30
219,31
217,32
216,31
215,31
214,31
215,30
216,30
218,30
216,30
219,30
222,29
225,28
224,28
226,28
229,27
231,27
230,27
229,28
232,28
230,27
230,27
230,27
229,26
231,27
226,27
227,26
228,26
229,26
230,26
228,25
227,25
224,25
222,26
225,26
223,26
224,26
224,25
223,25
224,24
224,24
227,24
226,24
227,24
229,24
229,23
231,22
231,22
230,22
232,23
230,23
229,24
228,23
229,22
231,21
232,21
229,21
231,21
231,21
232,23
232,22
231,21
232,22
235,23
234,23
234,23
233,23
234,24
236,24
236,24
237,25
239,25
240,24
241,24
243,24
243,23
242,23
242,23
241,24
241,24
241,24
239,25
240,26
241,27
238,26
239,26
238,27
240,27
240,26
243,26
244,26
244,26
243,26
245,26
244,26
247,26
248,26
246,27
246,27
243,27
240,27
243,28
246,28
244,28
244,28
244,28
242,28
243,28
244,28
245,28
245,28
247,28
249,28
248,28
250,28
254,27
255,27
254,28
256,28
255,27
256,27
255,27
254,27
259,27
260,26
259,26
260,25
261,26
262,26
265,26
269,26
268,25
266,27
266,28
260,28
258,28
258,28
257,28
252,28
252,28
250,27
253,28
252,28
251,28
248,28
246,28
246,27
245,26
248,26
248,26
250,26
249,26
249,27
249,27
247,27
248,27
250,27
250,27
253,26
253,26
251,26
252,25
250,25
248,25
250,26
249,27
250,28
250,28
252,28
253,28
257,28
258,28
255,28
256,28
256,28
257,28
257,28
259,26
255,26
255,25
254,25
253,25
254,24
256,24
256,26
255,26
257,26
259,26
262,25
264,25
262,24
260,24
258,24
257,24
255,25
254,24
253,24
252,24
250,23
251,23
252,23
248,24
247,24
247,23
246,22
245,22
245,21
242,21
241,21
242,21
243,21
246,21
246,21
245,22
243,22
242,22
240,22
240,21
238,21
238,21
238,21
235,21
236,21
237,21
239,20
240,20
240,20
242,20
243,20
243,19
238,19
240,19
239,19
236,19
236,18
237,19
235,19
236,19
237,19
238,19
239,19
238,19
238,19
240,19
242,19
239,19
239,21
239,21
233,21
232,21
233,21
235,21
233,21
236,23
236,24
232,25
236,25
238,24
243,24
244,24
244,23
242,23
242,23
240,25
243,25
246,25
250,24
250,25
251,25
248,24
247,25
248,24
246,24
243,24
241,24
243,24
240,25
241,25
238,26
233,26
234,26
236,26
237,26
236,26
235,26
237,25
238,25
237,25
240,25
239,26
242,24
240,24
241,24
240,24
241,24
241,24
239,23
239,23
237,22
239,22
236,23
235,23
236,23
234,23
238,23
239,22
238,22
240,22
239,22
236,22
238,22
236,21
238,20
238,20
242,21
241,22
244,22
244,22
244,22
242,22
243,23
245,23
243,23
240,23
238,23
238,22
238,21
238,21
238,21
238,21
238,19
236,19
237,19
240,18
241,17
242,17
238,16
238,15
236,15
236,15
235,15
235,15
236,15
238,14
237,14
236,14
238,14
239,15
237,15
237,15
234,16
237,15
240,15
241,15
237,15
240,15
239,14
238,14
238,14
240,15
239,15
242,15
240,15
240,15
240,15
244,15
244,15
246,15
243,15
242,15
239,15
241,15
242,16
242,16
242,16
243,16
242,16
242,16
241,16
240,16
240,16
240,16
242,16
241,16
240,16
239,17
241,17
243,16
242,17
243,16
244,16
244,16
243,17
244,17
244,17
244,17
242,17
244,17
246,16
246,16
246,16
245,16
241,16
246,16
245,16
242,16
244,16
242,15
243,15
240,14
243,14
248,14
246,15
244,14
243,13
242,13
242,13
242,13
243,13
244,14
247,14
248,14
248,15
248,14
250,14
248,14
244,14
241,13
239,13
236,12
237,12
238,12
238,12
239,11
238,11
240,11
241,11
240,11
240,11
240,10
238,10
237,10
235,10
234,10
232,10
232,10
230,10
230,10
231,10
230,10
231,10
231,10
231,9
231,9
230,9
233,9
232,9
229,9
227,9
226,9
228,10
228,10
226,10
232,10
235,10
234,10
231,10
232,10
231,9
230,9
230,9
232,9
232,9
233,9
231,9
231,9
232,9
234,9
236,9
235,9
233,9
229,9
231,9
231,9
231,9
229,9
229,9
232,9
235,9
235,9
236,9
237,9
236,9
240,9
240,7
241,7
245,7
245,7
245,7
248,7
248,7
249,7
246,7
247,7
250,6
249,6
251,6
253,6
255,6
255,6
255,6
253,6
252,6
250,6
251,6
251,6
251,6
250,6
250,6
250,6
249,6
254,6
256,6
257,6
259,6
255,6
254,6
253,6
254,6
250,7
251,7
250,7
251,7
252,7
254,8
255,8
253,8
251,8
251,8
252,7
255,7
256,7
257,7
255,6
253,6
252,6
255,6
254,5
254,5
259,5
259,5
255,5
252,5
251,5
250,5
252,5
255,5
252,5
253,5
255,5
252,5
255,5
253,5
257,5
256,5
258,5
259,5
259,5
262,5
264,5
266,5
266,5
264,6
263,6
265,5
264,5
263,5
261,5
261,5
261,5
262,5
260,5
263,5
265,4
266,4
267,4
265,4
265,4
263,4
261,4
261,4
