50,100
41,109
43,110
43,111
44,113
45,116
48,113
47,113
49,113
54,112
56,113
56,114
55,115
59,116
59,117
62,116
63,118
65,120
66,118
64,121
64,121
65,122
67,124
68,121
68,122
68,120
67,119
66,119
69,121
71,122
70,124
70,126
71,128
73,125
73,124
73,125
71,128
73,129
73,130
72,133
75,134
78,131
80,131
81,130
82,129
85,129
87,134
88,133
91,133
91,134
91,135
93,137
96,136
99,136
102,136
103,136
104,136
103,137
104,138
106,139
108,139
110,138
110,139
110,138
110,139
109,139
107,140
110,143
113,140
114,140
113,142
115,140
117,140
119,137
119,138
119,137
121,137
124,135
123,138
124,139
121,142
122,144
126,146
125,148
124,148
123,151
123,152
124,153
122,153
121,153
125,154
124,156
125,158
125,158
126,158
124,162
125,163
126,163
129,164
133,165
135,166
134,171
134,174
136,174
137,174
138,174
138,175
140,175
140,176
141,177
142,178
142,180
142,179
146,179
147,177
149,177
148,177
147,174
150,172
148,170
149,168
149,168
148,171
149,173
149,173
150,169
152,168
154,166
155,165
155,169
153,173
153,169
150,170
150,171
153,172
151,175
151,174
152,175
154,177
150,178
151,180
153,178
153,181
154,183
152,187
155,186
159,185
160,186
161,184
161,186
160,186
158,186
157,188
159,186
156,185
157,184
160,181
158,183
160,183
161,185
161,185
158,188
161,187
164,185
161,185
162,188
163,189
165,191
166,193
168,193
169,193
171,192
174,192
174,193
175,190
176,192
178,192
181,193
181,194
181,196
181,196
182,198
183,200
181,197
178,200
181,201
184,202
184,203
184,201
182,204
181,203
182,202
180,201
183,199
183,200
183,199
183,199
182,200
182,202
185,200
187,200
188,201
188,202
189,203
193,200
196,199
195,199
194,199
195,201
194,201
192,202
193,202
195,199
193,199
193,197
192,198
190,199
192,199
194,197
195,198
193,197
194,199
196,201
196,202
196,201
198,200
200,200
201,200
198,203
195,203
195,202
193,205
192,205
194,204
196,202
200,201
197,201
197,201
199,198
198,199
199,196
198,197
198,196
200,197
200,198
198,198
199,199
197,203
197,206
197,206
198,205
199,206
200,207
200,206
199,208
200,207
199,207
199,209
200,209
196,210
196,212
197,211
197,209
196,208
198,205
199,205
199,204
202,204
202,203
204,201
203,198
201,198
202,202
200,204
202,207
205,209
202,212
199,217
200,217
198,216
200,217
197,218
200,217
199,216
200,216
201,220
203,218
203,216
204,216
204,216
202,218
204,218
205,217
203,220
204,219
204,219
202,221
204,218
203,221
204,219
202,220
200,221
198,223
199,221
197,225
199,225
198,225
197,225
203,225
205,228
207,229
208,226
209,228
211,227
211,227
210,226
208,228
208,227
211,227
209,232
210,232
210,233
212,232
215,236
219,235
217,236
218,239
218,240
218,238
219,239
222,237
220,238
221,240
220,240
218,240
220,240
217,243
218,245
219,244
218,244
217,244
217,245
219,245
219,247
220,247
220,250
219,254
218,254
217,254
215,254
214,254
215,253
213,255
211,255
216,252
212,257
210,262
211,258
209,261
210,263
212,261
211,263
211,260
209,261
206,266
208,266
210,265
209,262
205,264
203,262
203,262
203,261
204,261
204,259
205,260
205,262
206,262
203,264
200,266
199,266
201,268
200,270
201,268
206,266
207,266
207,269
204,269
207,269
207,271
205,274
206,274
206,275
205,275
202,279
204,278
206,277
206,277
205,279
203,279
203,281
203,280
203,281
201,282
203,281
200,282
201,282
200,286
199,283
198,280
197,279
196,279
193,278
193,278
196,279
198,278
198,278
199,280
202,280
199,282
197,281
199,276
203,277
205,279
203,282
204,283
201,284
203,282
205,278
209,277
210,279
212,278
210,280
209,282
209,284
210,282
213,281
213,279
212,281
212,284
215,285
211,285
209,285
209,289
210,290
212,291
214,292
214,291
215,290
218,289
220,286
220,290
220,288
220,287
221,287
218,289
219,288
219,289
222,290
221,291
217,292
219,291
219,291
221,292
223,294
221,294
220,295
222,296
223,296
223,297
222,300
219,302
220,300
218,304
220,305
218,307
218,307
217,310
217,314
214,317
211,319
212,320
209,320
209,322
208,322
204,324
206,326
201,328
201,333
200,333
200,336
199,335
201,334
201,339
201,341
201,342
200,344
200,347
198,350
196,351
196,352
196,353
197,351
196,352
197,353
195,355
198,356
200,360
199,363
199,365
199,367
199,369
199,374
202,376
199,377
200,379
195,383
196,383
195,384
193,387
193,390
191,391
190,398
190,398
192,397
192,395
193,397
191,403
188,407
190,407
191,409
194,406
195,406
192,407
191,408
192,408
191,405
190,404
190,408
190,411
189,414
189,415
190,416
192,414
193,416
191,418
190,423
188,426
190,425
192,426
191,428
192,428
192,432
194,431
194,435
193,436
193,435
194,436
195,437
192,443
189,444
190,444
189,449
188,452
188,455
186,458
183,463
182,462
182,463
180,466
181,465
180,470
182,470
184,471
184,474
183,471
184,473
183,476
187,478
187,478
186,483
186,482
185,484
184,487
181,491
178,496
175,499
174,498
173,497
170,502
171,500
173,502
173,502
171,506
170,509
168,511
168,515
168,519
167,520
166,521
167,519
167,522
170,521
166,526
163,530
162,534
164,534
165,532
163,534
167,534
169,534
168,536
170,535
170,535
168,537
166,539
168,537
168,537
170,537
169,538
168,538
168,542
171,538
173,537
173,537
170,541
170,543
170,543
168,546
168,546
170,547
169,548
169,552
170,553
169,555
170,554
172,553
171,554
170,556
173,556
176,553
176,554
177,555
175,559
175,561
175,561
174,563
173,567
172,567
169,572
169,572
170,570
169,573
169,576
171,575
168,579
168,581
168,581
168,579
167,580
168,579
165,583
164,584
165,586
164,589
164,590
162,592
165,593
167,595
168,598
169,597
169,600
168,601
166,605
163,607
161,612
160,612
162,611
165,611
163,616
162,616
161,617
162,616
159,619
161,619
162,621
160,624
158,629
157,632
157,633
157,633
157,632
156,633
154,634
153,636
149,641
146,643
145,645
141,649
141,649
141,651
138,655
138,657
138,657
138,658
139,659
140,657
138,662
136,663
135,667
134,669
134,669
134,667
135,666
135,666
136,666
133,669
132,671
132,674
133,674
131,677
131,681
130,682
128,687
124,690
122,689
123,689
125,689
123,691
125,691
123,694
123,695
121,700
122,700
119,703
119,704
118,705
118,708
118,710
118,715
118,717
118,718
117,721
115,723
115,724
114,726
113,728
113,729
111,732
111,732
111,733
113,732
112,734
112,737
112,739
113,741
113,743
112,745
109,749
107,750
106,752
104,754
103,756
102,758
101,759
100,761
99,764
99,762
99,763
97,767
99,766
100,766
101,767
101,768
102,767
99,770
97,771
97,771
97,772
96,773
96,774
95,775
94,778
93,780
92,780
93,779
92,781
93,783
91,785
91,785
91,786
91,787
92,787
92,789
91,790
92,790
92,792
91,796
89,799
87,803
87,803
87,803
