600,200
595,205
592,208
588,210
587,215
585,217
585,217
579,218
577,221
577,222
574,223
572,221
573,222
571,224
569,224
569,223
565,225
564,225
564,225
562,228
563,226
556,229
554,232
551,235
547,238
545,239
542,239
543,237
536,240
533,242
532,241
526,243
523,243
526,238
526,234
524,233
524,232
524,232
521,234
516,238
513,240
510,242
511,242
513,238
514,235
513,238
514,237
509,242
511,241
508,242
508,242
507,244
506,246
505,247
504,246
503,246
500,248
498,251
497,250
497,251
500,248
497,247
494,248
494,247
492,247
488,248
483,251
480,253
478,251
482,250
483,251
484,251
482,257
486,255
486,255
485,256
482,259
482,258
477,256
477,256
474,254
477,250
473,253
474,251
471,252
472,253
465,256
465,257
461,258
460,261
458,261
458,258
456,259
459,256
459,258
457,259
453,262
450,264
448,264
448,264
445,265
446,264
446,266
443,271
440,271
441,272
439,273
440,274
439,278
439,276
439,276
435,278
431,282
431,281
432,279
435,276
438,276
440,276
437,278
438,277
437,275
433,278
432,279
431,281
429,282
428,282
424,284
426,281
423,282
420,286
419,290
417,289
415,291
414,290
413,293
412,295
413,296
412,298
413,296
411,300
408,303
407,299
405,301
408,303
407,306
407,307
407,307
408,307
409,307
407,308
408,308
410,305
408,306
405,311
406,312
406,312
405,314
405,314
406,312
402,318
404,318
406,318
405,317
407,317
408,319
408,322
407,325
412,322
412,321
408,327
405,327
404,325
404,326
402,327
404,328
403,328
405,326
403,330
401,332
401,329
399,331
400,331
400,332
396,334
394,332
387,338
387,336
384,341
383,340
382,342
381,341
381,339
379,341
378,342
378,345
378,349
373,348
372,350
374,348
374,347
374,347
374,348
372,350
370,353
369,352
371,353
370,352
367,355
365,357
363,359
363,358
362,354
359,356
359,357
361,357
360,358
361,358
362,359
360,360
360,360
356,364
355,364
354,365
355,365
355,365
355,363
355,364
354,364
349,370
347,370
347,369
343,372
342,374
337,380
332,382
332,384
329,386
329,388
329,389
329,387
332,382
330,382
330,380
328,382
324,386
325,387
324,388
320,390
315,393
315,395
316,395
313,400
309,400
307,401
306,402
309,401
313,398
311,398
308,401
305,402
301,404
302,406
300,407
300,405
297,409
300,410
303,409
307,406
310,405
310,403
312,400
313,399
311,403
311,401
308,405
308,404
308,407
308,405
308,405
305,408
303,406
301,406
303,403
306,404
307,402
306,403
306,404
305,407
303,408
302,410
303,408
304,406
308,406
306,408
305,408
303,407
302,408
303,410
302,411
299,412
299,411
296,415
293,418
292,417
288,420
292,418
292,419
293,421
293,419
292,418
289,420
286,421
284,424
287,420
286,421
287,422
284,422
283,424
284,422
284,426
283,427
281,429
281,429
279,433
276,437
273,439
272,439
272,440
272,440
270,442
272,443
276,439
275,441
274,441
270,445
269,449
269,447
270,444
266,446
264,450
265,448
267,446
263,450
263,453
265,453
263,455
263,454
262,456
260,457
257,458
255,463
252,464
252,464
248,467
245,472
243,477
244,478
243,480
239,482
239,482
240,484
240,484
241,488
243,488
242,488
244,486
244,488
243,490
242,488
242,489
243,491
241,493
241,492
240,491
239,496
238,499
234,502
233,501
236,500
232,505
231,504
230,502
228,506
228,507
225,511
226,510
224,509
223,514
222,516
221,516
220,519
221,522
221,524
219,526
219,527
214,531
213,534
213,534
212,534
209,538
211,537
206,540
208,539
207,538
207,541
207,545
206,550
204,552
205,550
204,552
203,554
204,552
201,555
204,554
206,552
208,551
206,556
202,558
201,560
198,565
197,567
195,572
193,577
193,581
191,583
189,589
186,592
186,594
184,596
183,601
182,602
180,603
181,604
182,605
180,607
177,612
177,610
176,611
176,612
177,612
179,612
179,614
177,616
175,617
174,617
172,621
172,623
171,628
170,626
170,627
170,629
171,629
170,631
171,630
168,633
167,636
165,642
165,642
164,644
163,648
163,645
163,645
163,647
167,643
166,648
169,648
168,650
169,650
169,651
168,654
165,660
161,664
160,666
162,664
161,665
160,670
160,670
156,674
156,677
157,677
158,676
156,679
155,682
156,685
153,689
152,693
151,695
151,696
149,701
148,702
148,703
149,701
148,701
147,705
148,705
147,708
146,712
143,714
142,716
142,717
142,719
143,719
143,721
142,723
142,725
142,726
142,729
139,732
139,733
137,735
137,736
136,739
134,742
133,744
131,746
131,748
132,747
133,746
133,748
133,748
131,750
131,750
130,752
129,752
129,754
129,754
130,752
129,754
127,756
124,759
125,759
124,761
123,764
123,764
123,766
122,767
123,767
122,769
123,768
121,771
122,770
122,773
122,773
119,776
120,777
119,779
118,780
116,783
115,784
113,786
114,784
115,784
114,786
114,787
112,792
110,795
111,794
111,794
112,793
112,794
114,795
114,794
113,797
112,799
111,800
109,804
108,806
109,805
108,810
107,811
108,810
104,814
103,815
102,817
102,817
103,816
101,818
102,818
103,818
103,819
99,823
99,824
98,825
96,828
95,829
95,830
96,829
96,830
94,832
94,832
94,832
93,834
93,834
93,836
94,835
95,836
94,837
92,840
92,841
89,845
89,845
88,846
87,846
87,846
87,847
87,847
87,847
86,847
86,848
87,847
87,849
88,848
89,848
89,848
86,851
85,853
83,855
82,856
82,855
82,856
81,857
79,858
78,860
79,860
79,861
79,861
80,860
77,864
77,864
76,866
74,869
75,868
73,870
72,872
72,874
71,875
70,876
69,877
71,875
71,876
71,877
70,878
70,878
71,877
69,880
69,880
70,879
69,879
68,880
68,880
67,881
67,881
67,881
65,883
65,883
62,887
62,888
62,889
63,887
62,889
64,887
63,889
62,890
62,891
60,893
60,893
59,894
59,895
60,895
60,895
62,894
62,895
62,895
62,894
62,894
61,895
61,896
61,897
59,899
57,901
57,901
56,903
56,903
55,905
55,905
54,906
52,909
52,909
52,909
52,909
52,909
52,910
52,910
51,912
52,912
52,912
52,913
50,916
50,916
48,919
49,918
50,917
50,917
48,920
48,921
49,920
51,918
49,920
50,919
48,921
46,923
46,924
46,925
46,925
46,925
46,926
47,925
46,926
46,927
45,928
45,929
44,930
44,930
44,930
45,929
43,931
42,933
41,935
42,934
41,935
41,936
41,936
41,936
40,937
41,936
41,936
41,937
42,936
42,936
42,936
42,936
42,937
41,938
40,939
40,940
40,941
40,941
39,942
39,942
37,945
36,946
35,947
35,947
33,949
33,949
32,950
32,952
32,952
32,952
31,953
31,953
31,953
31,954
31,954
31,954
31,954
31,954
31,954
31,954
31,954
31,954
30,955
30,955
32,953
32,953
32,953
32,953
32,953
33,952
33,952
33,952
33,952
33,951
33,951
34,951
33,952
34,951
34,951
34,951
34,951
35,950
36,949
34,951
34,950
34,950
34,950
34,950
34,950
33,952
32,953
32,954
