400,400
392,408
394,409
394,409
393,412
391,414
388,415
383,422
382,423
381,425
376,428
379,427
378,429
375,433
374,434
368,438
367,437
365,438
365,439
364,440
363,438
362,438
360,439
355,444
353,447
353,450
351,450
352,450
352,451
348,455
347,456
345,459
341,463
339,466
340,466
335,468
335,467
335,468
335,466
334,468
333,468
332,468
331,471
326,475
327,475
325,476
325,476
323,476
322,477
320,478
320,478
320,480
319,484
316,485
316,485
311,487
313,488
310,493
307,494
306,493
306,495
302,497
301,495
297,500
295,499
292,502
289,511
289,512
288,517
292,513
291,513
290,515
288,517
288,515
287,518
283,524
281,529
281,530
281,530
278,533
280,533
277,538
277,538
276,539
272,546
272,551
269,555
269,558
270,561
268,562
265,567
263,572
263,572
263,575
263,575
265,577
262,581
263,583
263,581
263,581
260,583
260,583
256,589
253,592
254,594
254,595
255,595
255,594
254,596
255,595
254,598
258,595
255,599
253,604
254,603
252,606
251,606
251,606
248,609
246,613
244,615
243,619
240,620
238,623
236,627
237,625
236,625
238,625
237,628
237,629
235,631
234,633
236,631
238,632
236,633
233,634
230,639
229,641
228,643
226,647
226,647
227,646
225,649
227,650
225,653
227,652
227,653
225,655
224,656
223,660
221,662
221,663
221,663
219,665
217,666
219,664
214,669
212,673
206,679
205,682
202,683
202,684
202,686
202,688
198,692
198,693
198,694
195,696
192,699
191,699
188,702
185,707
180,712
180,712
179,713
179,714
179,714
177,716
176,717
175,720
174,723
172,726
170,730
170,731
170,733
168,736
169,736
166,740
164,743
163,744
163,745
162,748
161,749
162,749
158,753
158,753
156,755
155,757
158,754
158,754
158,755
157,757
156,758
153,760
154,761
152,764
149,767
151,766
152,767
147,773
146,775
145,776
144,777
141,780
139,781
140,782
139,783
138,785
139,785
137,789
134,792
134,793
133,794
133,793
129,797
130,795
129,797
128,798
127,799
127,799
126,802
125,804
125,805
126,805
124,807
124,806
121,809
120,811
119,812
118,813
118,815
119,814
116,820
114,822
114,823
114,823
114,823
114,822
114,823
116,823
116,824
114,825
114,825
114,825
113,828
111,830
111,830
111,831
109,833
109,834
108,835
108,835
107,836
107,836
104,840
104,840
102,843
102,843
103,842
103,842
103,843
100,846
99,847
99,849
100,848
99,849
101,847
101,849
100,850
99,852
97,854
96,855
97,856
96,857
96,857
97,856
97,859
97,861
97,863
97,863
96,864
96,865
95,866
94,867
91,872
90,874
89,876
88,877
86,880
86,881
84,883
86,881
86,882
86,882
85,883
85,883
85,884
85,885
84,887
85,886
86,886
85,887
85,887
85,887
84,889
85,888
83,890
81,892
82,893
80,896
79,897
78,898
77,899
76,900
76,900
77,900
76,901
76,901
75,902
75,902
74,904
73,905
72,908
71,910
73,908
71,910
69,912
69,912
69,912
68,913
68,913
70,911
70,911
69,912
68,913
68,913
67,914
67,914
66,915
66,915
65,916
65,916
63,918
64,918
63,919
63,919
61,921
61,922
60,923
60,923
60,924
60,924
60,925
58,927
58,927
57,928
57,928
55,932
54,933
54,933
54,933
54,933
53,934
50,937
50,937
50,938
50,938
48,940
47,941
47,941
47,941
46,942
45,943
44,944
44,944
44,944
44,944
43,945
42,947
42,947
42,947
41,948
42,947
43,946
43,946
42,947
42,947
42,947
42,948
41,949
41,949
41,949
42,948
42,948
42,948
42,948
42,948
42,948
42,948
40,950
40,951
38,953
36,956
36,956
34,958
34,958
34,958
33,960
32,961
31,962
32,961
31,962
31,962
32,961
32,962
32,962
32,962
32,962
32,962
32,962
31,963
30,964
30,965
30,965
30,965
30,965
30,965
30,965
30,965
31,964
31,964
31,964
31,964
31,964
30,965
30,965
30,965
31,964
31,964
31,964
31,964
30,965
30,965
30,965
30,965
30,966
30,966
30,966
30,966
30,966
30,966
28,968
28,968
28,968
28,968
27,969
26,970
26,970
26,970
26,970
26,970
26,970
26,970
26,970
26,970
26,970
26,970
26,970
26,970
25,971
25,971
25,971
23,973
23,974
23,974
23,974
23,974
23,974
22,975
23,975
23,975
23,975
23,975
23,975
23,975
23,975
23,975
23,975
23,975
23,975
23,975
22,976
22,976
21,977
21,977
21,977
21,977
22,976
22,976
22,976
22,976
22,976
23,975
22,976
22,977
22,977
22,977
22,977
22,977
22,977
22,977
22,977
21,978
21,978
22,977
23,976
23,976
23,976
22,977
22,977
22,977
22,977
22,977
22,977
22,977
22,977
22,977
22,977
21,978
21,978
21,978
21,978
21,978
21,978
21,978
20,979
20,980
20,980
20,980
20,980
19,981
19,981
19,981
18,982
18,982
17,983
16,984
16,984
16,984
15,985
15,985
15,985
14,986
14,986
13,987
13,987
13,987
13,987
13,987
13,987
13,987
13,987
13,987
13,987
13,987
11,989
11,989
11,989
11,989
11,989
11,989
11,989
11,989
10,990
10,990
9,991
9,991
9,991
9,991
9,991
9,991
8,992
8,992
8,992
7,993
6,994
6,994
6,994
6,994
6,994
6,994
6,994
6,994
6,994
6,994
5,995
5,995
5,995
6,994
6,994
6,994
6,994
6,994
6,994
6,994
6,994
6,994
6,994
6,994
6,994
6,994
6,994
6,994
6,994
6,994
6,994
5,995
4,996
4,996
4,996
4,996
4,996
4,996
4,996
4,996
4,996
4,996
4,996
4,996
4,996
4,996
4,996
4,996
4,996
4,996
4,996
4,996
4,996
4,996
5,995
6,994
6,994
6,994
6,994
6,994
6,994
6,994
6,994
6,994
6,994
7,993
7,993
8,992
8,992
8,992
8,992
8,992
8,992
8,992
8,992
8,992
7,993
7,993
7,993
7,993
7,993
7,993
7,993
7,993
7,993
7,993
7,993
7,993
7,993
7,993
7,993
7,993
7,993
7,993
7,993
7,993
7,993
7,993
7,993
7,993
7,993
7,993
7,993
7,993
7,993
6,994
6,994
6,994
6,994
6,994
6,994
6,994
6,994
6,994
6,994
5,995
5,995
5,995
5,995
5,995
5,995
5,995
5,995
5,995
5,995
5,995
5,995
5,995
5,995
5,995
5,995
5,995
5,995
5,995
5,995
5,995
4,996
4,996
4,996
4,996
4,996
3,997
3,997
3,997
3,997
3,997
3,997
3,997
3,997
3,997
3,997
3,997
3,997
3,997
3,997
3,997
3,997
3,997
3,997
3,997
3,997
3,997
3,997
3,997
3,997
3,997
3,997
3,997
3,997
3,997
3,997
3,997
3,997
2,998
2,998
2,998
2,998
2,998
2,998
2,998
2,998
2,998
2,998
2,998
2,998
3,997
3,997
3,997
3,997
3,997
3,997
3,997
3,997
3,997
3,997
3,997
3,997
3,997
2,998
2,998
2,998
2,998
2,998
2,998
2,998
1,999
