50,150
40,160
42,165
43,167
44,169
44,170
44,173
47,174
46,172
47,170
47,172
47,174
49,174
48,178
51,180
54,182
54,186
54,190
54,189
55,189
55,192
55,193
54,195
53,199
54,202
55,206
55,209
56,211
59,206
59,210
59,210
60,209
62,212
63,213
64,215
67,215
67,216
68,218
69,218
69,221
70,221
71,219
73,221
74,224
73,228
76,232
75,236
75,238
76,241
75,245
79,242
79,243
79,246
79,251
81,249
83,249
83,252
84,254
84,256
82,259
82,262
81,268
82,272
81,278
84,279
85,283
86,287
86,290
87,298
87,302
89,304
90,302
90,304
88,307
87,312
87,314
86,313
88,314
88,316
89,317
88,317
87,321
87,324
89,325
87,329
87,330
88,331
88,332
87,334
87,334
89,336
88,340
90,342
91,345
91,348
92,352
90,356
89,361
89,364
88,368
89,368
89,369
90,373
91,373
93,375
95,377
95,381
96,385
95,385
97,385
97,387
97,390
99,395
101,397
101,397
101,401
105,400
104,402
105,407
106,409
110,410
111,411
109,414
110,415
110,417
111,421
114,422
117,421
117,421
118,420
120,420
119,423
119,424
118,430
117,430
116,432
115,435
115,437
115,442
115,440
114,442
111,447
111,446
110,450
110,454
110,454
109,456
108,454
107,456
105,460
107,459
107,462
109,465
110,464
107,467
106,467
104,472
106,474
105,478
103,484
103,491
105,494
104,498
105,501
104,505
104,506
105,507
104,508
104,513
103,515
102,519
102,521
100,525
98,531
99,533
98,534
97,539
95,544
94,545
93,547
92,552
94,552
92,557
91,559
90,566
89,567
91,564
92,567
93,568
94,571
93,575
92,580
93,582
92,584
93,587
92,589
92,592
92,594
91,596
91,598
90,600
88,605
88,607
86,611
86,615
85,622
82,627
83,628
82,632
81,635
82,635
82,638
82,638
82,640
84,641
82,643
81,649
77,654
77,657
76,662
77,663
77,666
76,668
77,672
77,675
76,678
76,679
76,680
74,683
73,684
73,686
73,686
73,687
72,691
71,693
71,694
72,693
72,694
72,694
72,698
70,702
69,703
70,706
70,706
68,710
70,710
69,714
67,716
66,717
65,719
65,721
65,724
64,727
64,728
65,728
65,732
63,735
63,740
64,740
64,743
63,745
63,746
62,747
62,749
62,752
61,754
62,755
61,757
61,757
60,762
60,765
59,768
59,770
59,771
58,773
61,771
59,777
59,780
62,778
62,780
62,781
62,781
63,779
62,783
61,784
61,786
61,786
63,785
64,786
63,787
62,792
63,793
64,794
67,793
67,795
65,797
64,798
64,800
64,801
62,805
62,808
62,808
65,807
65,808
65,810
65,813
65,815
64,815
63,817
63,817
64,818
64,818
65,818
64,819
64,821
64,822
65,824
65,825
66,824
66,825
66,826
66,826
67,826
66,829
66,830
63,834
63,835
63,837
61,841
62,841
62,842
62,843
63,844
63,845
63,846
63,847
63,848
63,848
63,849
62,849
63,852
62,854
62,854
62,854
61,855
61,854
62,855
61,859
60,861
60,861
60,861
59,862
59,863
60,862
61,862
61,862
61,862
61,862
61,863
61,864
61,864
61,865
60,868
59,871
58,873
58,873
58,874
59,873
58,875
57,878
56,879
56,880
54,883
54,884
54,885
54,883
54,883
53,884
52,887
53,887
54,886
54,886
51,889
51,889
51,889
51,889
51,890
52,891
51,892
52,892
52,892
52,893
52,892
52,892
51,893
51,894
51,894
51,894
52,893
52,893
52,893
52,894
53,894
53,894
53,895
52,896
51,897
50,898
50,898
50,897
49,898
46,902
46,903
47,902
47,902
46,904
46,904
47,903
47,904
46,906
46,906
46,906
44,908
45,908
44,911
44,911
45,910
43,912
43,914
44,913
43,914
43,914
42,915
41,916
42,915
42,915
42,915
41,917
42,916
41,917
40,919
38,921
38,923
39,922
39,922
39,922
39,924
39,924
39,925
39,926
39,929
39,929
39,930
39,931
38,932
38,934
38,934
38,935
36,938
36,939
36,940
36,940
37,939
36,940
36,940
37,939
37,940
37,940
37,940
37,940
39,938
39,938
39,939
38,940
38,940
38,940
39,939
38,940
38,941
37,942
37,942
36,943
36,943
36,944
38,942
38,942
38,942
37,943
38,942
38,942
38,942
38,942
38,942
38,943
38,943
38,944
39,943
39,944
39,944
39,945
39,946
39,946
38,948
38,949
38,949
38,949
39,948
39,948
39,948
38,949
38,949
37,950
36,951
36,951
36,951
36,951
36,951
36,951
36,951
37,950
37,950
37,950
37,951
36,952
34,954
34,954
34,954
34,954
34,954
34,954
33,955
33,956
33,956
33,956
33,956
33,956
32,958
33,957
33,957
34,957
33,958
33,958
33,958
33,958
32,959
31,960
31,960
31,960
31,960
30,961
30,961
29,962
29,962
29,962
29,962
29,962
29,962
29,962
29,962
29,962
29,962
29,962
29,962
29,963
29,963
29,963
29,963
28,964
26,966
26,966
26,966
27,965
27,965
27,965
27,965
26,966
26,966
26,966
26,966
26,966
26,966
26,966
25,967
25,967
25,967
25,968
25,968
25,968
24,969
24,969
24,969
24,969
23,970
23,970
23,970
23,970
22,971
23,970
23,970
23,970
23,970
23,970
23,970
23,970
21,972
21,972
21,972
20,973
20,974
20,974
20,974
20,974
20,974
20,974
20,974
20,974
19,975
19,975
18,976
18,976
18,976
18,976
17,977
17,977
17,977
17,977
17,977
17,977
17,977
17,977
16,978
16,978
16,978
16,978
16,978
16,979
16,979
16,979
17,978
17,978
17,978
17,978
16,979
16,979
16,979
16,979
16,979
16,979
17,978
17,979
17,979
16,980
16,980
15,981
13,983
13,983
13,983
12,984
12,984
12,984
14,982
14,982
14,982
14,982
14,982
14,982
13,983
12,984
12,984
12,984
12,984
11,985
11,985
11,985
12,984
12,984
12,984
12,984
12,984
12,984
13,983
13,983
13,983
13,983
13,983
13,983
13,983
13,983
13,983
13,983
13,983
13,983
13,983
13,983
13,983
13,983
13,983
13,983
13,983
13,983
13,983
12,984
12,984
12,984
12,984
12,984
12,984
12,984
12,984
12,984
12,984
12,984
12,984
11,985
11,985
11,985
11,985
11,985
10,986
10,986
9,987
9,987
9,987
9,987
8,988
9,987
9,987
9,987
8,988
8,988
8,988
8,988
8,988
8,988
7,989
7,989
7,989
7,989
7,989
7,989
7,989
7,990
7,990
7,990
7,990
6,991
6,991
6,991
6,991
6,991
6,991
6,991
6,991
6,991
6,991
6,991
6,991
5,992
5,992
5,992
5,992
5,992
5,992
5,992
5,992
5,992
5,992
5,992
5,992
4,993
4,993
4,993
3,994
3,994
3,994
3,994
3,994
3,994
3,994
3,994
3,994
3,994
3,994
3,994
3,994
3,994
3,994
3,994
3,994
3,994
3,994
3,994
3,994
3,994
3,994
3,994
3,994
3,994
3,994
3,994
3,994
