50,250
42,258
42,260
45,262
48,262
48,266
49,269
49,273
49,275
49,276
48,280
49,283
50,287
52,291
50,294
49,296
50,295
49,297
50,301
51,307
52,309
52,310
52,315
50,318
50,320
50,318
49,321
48,323
51,324
51,329
51,330
52,335
52,335
51,341
51,343
54,344
54,346
54,349
53,352
54,353
55,357
56,360
55,366
55,372
56,370
59,375
59,375
58,381
60,385
59,388
57,392
57,394
58,400
59,402
60,403
61,404
62,406
61,409
60,413
62,413
64,415
65,417
64,423
64,426
61,432
60,433
61,436
61,439
61,443
62,446
61,447
64,448
65,455
62,459
62,462
62,464
63,470
63,473
61,479
60,482
61,488
61,491
61,494
60,496
62,499
61,502
61,501
61,504
63,505
64,507
64,508
64,511
64,513
61,518
61,519
61,524
61,526
60,533
61,531
62,532
62,532
64,536
65,540
66,541
65,546
65,551
64,554
64,559
63,563
63,566
63,565
62,568
61,570
62,572
61,574
61,578
63,581
62,584
62,586
62,589
61,590
62,593
61,597
62,601
63,604
62,610
63,612
64,614
64,619
65,622
65,623
64,628
64,631
64,635
65,637
65,640
65,642
66,643
66,645
68,645
67,648
67,652
68,655
68,657
67,660
67,662
69,664
68,669
68,671
71,671
68,673
67,677
66,679
65,681
65,683
66,684
68,684
68,687
67,688
65,694
65,696
65,697
64,701
63,702
63,703
63,706
63,709
63,710
63,713
64,714
64,716
64,718
63,723
61,726
60,730
61,731
61,735
62,737
62,736
62,738
63,740
63,743
63,744
63,746
61,749
60,751
60,753
60,755
58,758
58,759
56,764
56,764
57,765
57,767
57,768
57,770
57,772
57,773
57,775
56,779
56,779
55,782
55,785
55,784
55,787
55,788
54,791
54,792
54,793
54,792
52,794
52,797
52,799
52,804
52,804
51,807
51,808
51,810
50,812
50,813
51,813
52,814
51,817
52,818
52,822
51,823
52,824
52,824
52,825
53,825
52,827
52,829
52,829
50,833
50,834
49,837
51,836
51,838
51,839
50,840
49,841
50,840
49,843
47,845
47,846
46,847
45,849
43,851
43,851
42,852
42,853
43,852
42,853
42,853
42,853
42,853
42,856
42,857
44,856
44,858
44,860
45,859
45,859
45,859
44,861
43,863
42,864
42,866
41,868
41,869
40,870
40,870
40,870
40,871
39,872
39,872
39,874
39,877
39,878
40,879
40,879
40,879
40,880
40,880
40,880
40,881
40,882
38,884
38,885
38,885
38,887
38,889
38,889
39,889
40,888
39,890
39,891
38,892
37,893
35,895
34,896
34,896
33,898
33,900
34,899
34,900
31,903
30,904
30,904
30,906
31,905
31,905
30,907
30,908
29,909
29,909
31,907
31,908
31,909
31,909
31,909
30,910
30,911
31,913
31,915
31,916
31,916
31,918
30,920
30,921
29,923
29,926
29,926
29,927
29,928
29,928
29,929
29,930
29,930
29,930
29,930
29,930
29,930
29,930
29,931
29,931
29,933
29,933
29,933
28,934
28,934
27,935
27,935
26,936
26,937
25,939
25,940
25,940
24,943
24,943
24,943
24,944
25,944
25,944
25,944
25,946
25,946
25,946
25,946
24,947
24,947
23,951
24,950
24,950
23,951
23,952
21,954
22,953
22,953
21,955
21,956
21,956
20,957
19,958
19,958
19,959
19,960
19,960
19,961
19,961
19,961
19,961
19,961
18,962
18,963
19,962
19,963
19,963
19,964
19,964
19,964
20,963
21,962
20,964
20,964
19,965
19,965
19,965
20,964
20,964
20,964
20,965
19,966
19,966
19,966
19,966
19,966
19,966
19,966
19,966
20,965
19,966
19,967
19,967
19,967
19,967
19,967
18,968
18,968
18,968
18,968
18,968
18,968
18,968
18,968
17,969
17,970
17,971
17,971
17,971
17,972
17,972
17,972
17,972
17,972
17,972
17,972
17,972
16,974
16,975
16,975
16,975
16,975
16,975
16,975
16,975
16,975
16,976
16,976
16,976
16,976
16,977
16,977
16,977
15,978
15,978
15,978
15,978
15,978
15,978
15,978
15,978
15,978
15,978
16,977
15,978
15,978
15,978
15,978
15,978
15,978
15,978
15,978
15,978
14,979
14,979
14,979
14,979
14,979
14,979
14,979
14,979
14,979
14,979
14,979
14,979
14,979
14,979
14,979
14,979
14,980
13,981
14,980
14,980
14,980
12,982
11,983
11,983
12,982
12,982
12,982
11,983
11,983
11,983
12,982
12,982
12,982
11,983
11,983
10,984
10,984
10,984
10,984
10,984
10,984
10,984
10,984
10,984
10,984
10,984
10,984
10,984
10,984
10,984
10,984
10,984
10,984
9,985
9,985
9,985
9,985
9,985
9,985
9,985
9,985
9,985
9,985
9,985
9,985
9,986
9,986
9,986
9,986
9,986
9,986
9,986
9,986
9,986
9,987
9,987
9,987
9,987
9,987
9,987
10,986
10,986
11,985
11,985
11,985
11,985
11,985
11,985
11,985
11,985
11,985
11,985
11,985
11,985
11,985
11,985
11,985
11,985
11,985
11,985
11,985
11,985
11,986
11,986
11,986
11,986
11,986
11,986
12,985
12,985
12,985
11,986
11,986
11,986
11,986
11,986
11,986
11,986
10,987
10,987
10,987
10,987
10,987
10,987
10,987
10,987
10,987
10,987
10,987
9,988
9,988
8,989
8,989
8,989
8,989
8,989
8,989
8,989
8,989
8,989
9,988
9,988
9,989
9,989
9,989
9,989
8,990
8,990
8,990
9,989
8,990
8,990
8,990
8,990
8,990
8,990
8,990
8,990
8,990
8,990
8,990
8,990
8,990
8,990
8,990
8,990
8,990
8,990
8,990
8,990
8,990
8,990
8,990
8,990
7,991
6,992
6,992
6,992
6,992
6,992
6,992
6,992
6,992
6,992
6,992
5,993
5,993
5,993
5,993
5,993
5,993
5,993
5,993
5,993
5,993
5,993
5,993
5,993
5,993
5,993
5,993
5,993
5,993
5,993
5,994
5,994
5,994
5,994
5,994
5,994
5,994
5,994
5,994
5,994
5,994
5,994
5,994
5,994
5,994
5,994
5,994
5,994
5,994
5,994
5,994
4,995
4,995
4,995
4,995
4,995
4,995
4,995
4,995
4,995
4,995
4,995
3,996
3,996
3,996
3,996
3,996
3,996
3,996
3,996
3,996
2,997
2,997
2,997
2,997
2,997
2,997
2,997
2,997
2,997
2,997
2,997
2,997
2,997
2,997
2,997
2,997
2,997
2,997
2,997
2,997
2,997
3,996
4,995
4,995
3,996
3,996
3,997
3,997
3,997
3,997
3,997
3,997
3,997
3,997
3,997
3,997
3,997
3,997
3,997
3,997
3,997
3,997
3,997
3,997
3,997
3,997
3,997
3,997
3,997
3,997
3,997
3,997
3,997
3,997
3,997
3,997
3,997
3,997
3,997
3,997
3,997
3,997
3,997
3,997
3,997
4,996
4,996
3,997
3,997
3,997
3,997
3,997
