50,350
40,360
41,364
41,371
41,378
40,382
40,386
40,389
40,391
40,395
41,399
43,401
43,401
42,403
43,408
43,412
44,419
46,422
46,423
45,428
44,429
44,434
43,435
43,438
43,442
44,445
44,450
43,456
43,461
43,464
43,467
44,469
44,472
45,476
46,480
45,485
45,488
46,489
46,494
46,497
45,503
45,508
44,516
45,518
47,524
46,526
47,530
47,534
46,537
46,538
46,545
46,549
47,554
45,559
45,562
44,566
44,570
43,575
43,577
43,578
43,582
43,588
42,595
42,600
42,604
41,607
41,611
41,613
41,616
41,617
42,619
43,623
44,625
44,627
44,629
43,635
43,638
43,643
43,646
43,649
42,652
44,653
45,655
45,657
45,661
45,663
45,665
45,671
46,673
45,675
44,681
44,683
44,690
44,692
44,696
45,698
44,703
44,709
44,712
46,711
46,712
46,717
46,719
45,720
44,723
46,725
47,726
46,730
46,735
46,739
46,741
46,746
45,748
44,751
44,754
46,756
46,757
45,760
43,766
43,768
42,768
42,769
42,771
42,772
42,774
42,777
42,780
43,780
43,783
42,785
42,787
41,789
42,792
43,790
44,791
44,792
43,794
43,796
43,798
43,801
42,802
42,805
42,805
43,807
42,812
42,814
42,816
43,816
43,817
41,820
40,822
40,824
41,823
40,824
40,826
39,828
38,831
37,834
37,836
36,837
34,840
34,842
34,845
34,846
33,847
33,848
31,852
31,852
30,853
28,856
27,859
26,861
27,864
27,866
27,867
26,868
26,869
25,870
25,871
25,872
25,872
25,872
24,874
23,878
22,881
21,884
21,883
21,883
21,885
19,887
19,888
18,889
17,891
16,896
17,897
17,898
17,898
16,899
16,901
16,903
16,903
16,904
15,905
15,907
15,907
15,907
15,907
15,908
15,909
15,912
15,912
16,912
16,912
16,912
16,913
15,915
15,915
14,916
14,916
14,916
14,916
14,917
14,917
14,918
14,919
14,920
14,922
14,922
14,922
14,923
14,924
14,924
15,923
15,923
15,923
15,924
15,924
14,926
14,926
14,928
14,929
14,930
14,930
14,930
14,930
14,930
15,929
15,929
15,929
15,929
15,930
15,930
15,930
15,930
14,932
14,934
14,935
14,935
14,936
13,937
13,937
12,939
12,939
12,939
12,939
12,939
12,939
12,939
12,939
12,940
12,940
12,941
12,941
11,943
10,945
10,945
10,946
10,946
10,946
10,947
10,948
10,948
9,950
9,951
9,951
9,951
9,952
9,952
9,952
9,953
9,953
9,953
9,954
9,954
9,954
8,956
8,956
8,956
8,957
8,957
8,957
8,957
7,959
7,959
7,959
7,959
7,961
7,961
7,961
7,963
7,964
7,964
7,964
7,964
7,965
7,965
7,965
7,965
7,965
8,964
8,964
8,964
8,964
8,965
8,965
7,967
7,967
8,966
8,967
8,967
8,967
9,967
9,967
9,967
9,967
9,969
9,969
9,969
9,969
9,969
9,972
9,973
8,975
8,975
8,975
8,975
7,976
7,976
7,976
7,976
7,976
7,976
7,976
7,976
7,976
7,976
7,976
7,977
7,977
7,977
7,977
7,977
7,977
7,977
7,978
7,979
7,979
7,979
7,979
7,979
7,979
7,979
7,979
6,980
6,980
6,980
6,980
6,980
6,980
7,980
7,980
7,980
7,980
7,980
7,980
7,980
7,980
7,980
7,980
7,981
7,981
8,980
8,980
8,980
8,980
7,981
7,981
6,982
6,983
6,984
6,984
6,984
6,984
6,984
6,984
6,984
6,984
6,984
6,984
6,984
5,985
5,985
5,985
5,985
5,985
5,985
5,985
5,985
5,985
5,985
5,985
5,985
5,985
5,985
5,985
5,985
5,985
5,985
5,985
5,985
5,985
5,985
5,985
5,985
5,985
5,986
5,986
5,986
5,986
5,986
5,987
5,987
5,987
5,987
5,987
5,987
5,987
4,988
4,988
4,988
4,988
4,988
4,988
4,988
4,988
4,989
4,989
4,989
3,990
3,990
3,990
3,990
3,990
3,990
3,990
3,990
3,990
3,990
3,990
3,990
3,990
3,990
3,990
3,990
3,990
3,990
3,990
3,990
3,990
3,990
3,990
3,990
3,990
3,990
3,990
2,991
2,991
2,991
2,991
2,992
2,992
2,992
2,993
2,994
2,994
2,994
2,994
2,994
2,994
2,994
2,994
2,994
2,994
2,994
2,994
2,994
2,994
2,994
2,995
1,996
1,996
1,996
1,996
1,996
1,996
1,996
1,996
1,996
1,996
1,996
1,996
1,996
1,996
1,996
1,996
1,996
1,996
1,996
1,996
1,996
1,996
1,996
1,997
1,997
1,997
1,997
1,997
1,997
1,997
1,997
1,997
1,997
1,997
1,997
1,997
1,997
1,997
1,997
1,997
1,997
1,997
1,997
1,997
1,997
1,997
1,997
1,997
1,997
1,997
1,997
1,997
1,997
1,997
1,997
1,997
1,997
1,997
1,997
1,997
1,997
1,997
1,997
1,997
1,997
1,997
1,997
1,997
1,997
1,997
1,997
1,997
1,997
1,997
1,997
1,997
1,997
1,997
1,998
1,998
1,998
1,998
1,998
1,998
1,998
1,998
1,998
1,998
1,998
1,998
1,998
1,998
1,998
1,998
1,998
1,998
1,998
1,998
1,998
1,998
1,998
1,998
1,998
1,998
1,998
1,998
1,998
1,998
1,998
1,998
1,998
1,998
1,998
1,998
1,998
1,998
1,998
1,998
1,998
1,998
1,998
1,998
1,998
0,999
0,999
0,999
0,999
0,999
0,999
0,999
0,999
0,999
0,999
0,999
0,999
0,999
0,999
0,999
0,999
0,999
0,999
0,999
0,999
0,999
0,999
0,999
0,999
0,999
0,999
0,999
0,999
0,999
0,999
0,999
0,999
0,999
0,999
0,999
0,999
0,999
0,999
0,999
0,999
0,999
0,999
0,999
0,999
0,999
0,999
0,999
0,999
0,999
0,999
0,999
0,999
0,999
0,999
0,999
0,999
0,999
0,999
0,999
0,999
0,999
0,999
0,999
0,999
0,999
0,999
0,999
0,999
0,999
0,999
0,999
0,999
0,999
0,999
0,999
0,999
0,999
0,999
0,999
0,999
0,999
0,999
0,999
0,999
0,999
0,999
0,999
0,999
0,999
0,999
0,999
0,999
0,999
0,999
0,999
0,999
0,999
0,999
0,999
0,999
0,999
0,999
0,999
0,1000
0,1000
0,1000
0,1000
0,1000
0,1000
0,1000
0,1000
0,1000
0,1000
0,1000
0,1000
0,1000
0,1000
0,1000
0,1000
0,1000
0,1000
0,1000
0,1000
0,1000
0,1000
0,1000
0,1000
0,1000
0,1000
0,1000
0,1000
0,1000
0,1000
0,1000
0,1000
0,1000
0,1000
0,1000
0,1000
0,1000
0,1000
0,1000
0,1000
0,1000
0,1000
0,1000
0,1000
0,1000
0,1000
0,1000
0,1000
0,1000
0,1000
0,1000
0,1000
0,1000
0,1000
0,1000
0,1000
0,1000
0,1000
0,1000
0,1000
0,1000
0,1000
0,1000
0,1000
0,1000
0,1000
