400,200
396,204
399,206
399,204
398,204
399,204
400,202
402,201
402,200
399,201
401,200
394,203
396,203
394,203
395,202
393,203
396,202
398,204
395,209
399,207
401,208
402,205
403,206
401,205
402,206
400,208
394,209
394,211
391,214
389,217
388,221
388,220
391,219
392,219
391,220
390,219
390,220
391,220
393,220
391,220
389,218
385,218
382,222
380,222
380,220
378,220
374,218
377,217
379,214
377,215
377,218
378,217
378,216
375,216
376,216
380,213
379,216
375,218
377,218
378,218
375,217
370,219
370,218
370,221
371,224
370,226
368,227
366,227
365,228
365,229
365,228
364,229
363,231
363,228
361,230
357,231
355,230
355,232
354,234
357,233
354,236
351,239
346,240
343,245
340,246
342,245
344,243
345,244
344,246
342,245
341,249
341,246
339,248
337,249
338,248
339,248
340,247
341,246
343,246
344,244
345,241
347,243
346,240
343,239
347,239
344,238
341,236
342,235
341,235
340,236
341,235
340,232
342,232
339,232
340,234
341,233
344,232
345,230
346,231
345,228
345,228
341,233
339,232
341,234
341,234
342,233
339,237
339,237
343,238
343,239
338,244
336,244
332,245
333,246
334,246
332,250
333,251
332,252
333,251
333,253
331,254
331,254
328,257
330,256
326,257
326,258
326,256
323,258
319,263
318,264
320,264
317,265
314,266
311,267
313,266
309,267
308,268
307,269
304,271
304,275
299,281
297,284
298,285
303,279
303,279
304,281
305,283
307,283
306,283
306,284
304,288
305,292
309,291
307,292
305,293
301,294
299,297
296,299
295,300
295,300
297,303
298,302
298,304
297,308
296,308
294,310
295,310
297,308
301,304
298,307
298,309
296,312
294,313
296,310
296,311
296,310
295,311
294,311
295,312
292,314
292,315
290,314
289,312
286,308
289,307
286,312
286,314
287,315
287,320
282,324
283,322
284,321
280,322
280,323
279,324
275,326
276,324
274,326
275,329
275,330
275,332
272,328
272,327
269,330
267,330
268,325
267,328
271,325
269,327
264,326
266,327
267,327
271,329
267,331
266,329
267,331
265,333
263,329
262,328
261,327
258,334
257,335
256,335
254,335
251,335
251,336
251,337
250,339
248,341
248,338
246,343
245,345
243,348
241,351
243,353
245,349
243,352
244,351
243,351
244,353
243,353
246,352
244,353
245,356
242,357
241,358
240,361
239,360
238,366
239,369
238,372
239,372
239,371
239,372
239,375
238,376
236,378
234,378
236,379
235,382
232,386
228,387
227,388
224,393
224,393
224,396
227,398
228,400
227,398
227,400
226,401
228,401
228,402
228,400
227,399
225,398
225,400
226,402
224,402
222,404
221,408
220,409
219,409
217,412
218,409
217,409
215,413
212,415
211,417
209,420
207,422
208,421
207,422
207,423
205,426
203,427
206,429
206,431
208,430
208,433
208,432
210,432
214,429
213,430
215,430
216,431
216,433
211,434
211,433
211,437
212,439
212,442
210,447
210,446
209,446
209,448
207,449
204,450
207,450
205,453
206,453
207,454
206,457
206,460
204,462
200,465
202,466
201,467
202,466
202,470
202,472
203,473
204,473
201,476
201,481
199,484
200,485
198,487
198,488
197,490
197,489
198,493
197,494
196,498
194,503
192,506
191,505
190,509
189,511
191,510
190,512
190,512
191,509
193,508
193,509
194,510
194,508
194,508
193,508
194,509
194,509
196,509
193,511
193,516
191,518
188,520
183,524
184,526
187,527
186,527
187,529
184,533
183,534
181,534
180,537
183,535
180,539
178,542
177,544
177,546
176,551
173,553
174,550
177,547
176,552
175,554
174,557
169,561
170,562
172,565
171,566
171,570
172,571
172,571
169,576
167,580
168,580
167,581
169,580
169,584
169,586
167,590
166,594
163,598
164,598
163,603
163,604
164,605
163,609
164,609
162,612
162,614
162,616
158,620
157,621
154,625
153,630
153,634
152,636
152,637
152,637
154,638
152,643
152,645
150,648
148,650
148,652
145,655
142,658
142,660
142,664
141,665
142,666
144,666
143,669
142,671
142,670
141,671
138,675
138,677
139,676
140,675
141,677
141,679
139,679
140,679
140,676
140,678
143,678
141,683
139,687
138,689
137,693
137,695
135,697
134,699
134,700
133,701
131,706
131,706
128,710
129,711
131,711
129,714
131,714
131,715
131,715
131,718
130,719
128,722
132,720
132,720
129,726
129,728
130,727
127,732
126,733
128,732
124,738
123,740
123,741
121,742
119,743
121,741
124,739
125,739
123,741
123,743
123,743
123,743
122,746
120,748
121,749
120,751
119,752
118,753
118,755
118,756
117,759
116,761
116,763
116,763
115,764
115,766
117,764
117,764
117,765
116,767
115,769
114,773
114,772
113,773
112,774
112,777
112,778
112,780
111,782
111,782
111,783
111,783
112,784
112,785
112,785
112,787
111,788
110,789
109,791
109,793
107,795
106,797
105,798
105,798
106,797
103,801
102,803
102,804
101,805
98,808
97,811
96,813
97,814
97,815
97,815
97,816
96,817
96,819
97,820
97,821
96,823
95,825
94,826
93,827
92,828
92,828
93,830
92,832
92,834
91,838
90,839
90,841
91,840
91,841
90,842
88,846
87,847
88,847
89,848
89,849
91,849
91,849
89,850
89,850
87,853
87,854
87,854
86,856
86,857
84,860
85,859
85,858
85,858
85,858
85,858
84,861
84,861
84,862
84,862
82,864
80,866
80,867
80,867
78,869
79,868
77,872
77,871
76,873
77,874
76,877
75,878
74,879
74,879
76,878
74,881
74,881
73,884
72,885
70,887
70,887
69,889
70,888
68,890
69,889
71,888
70,891
70,892
69,893
68,894
67,895
65,897
65,897
65,898
66,898
66,899
67,898
66,899
66,900
67,899
66,900
65,901
63,904
63,905
63,905
62,907
63,907
64,906
64,905
63,907
61,909
59,911
59,911
57,913
58,912
59,912
59,913
60,912
59,913
59,913
58,914
58,914
58,914
58,914
58,915
57,916
57,917
57,917
56,918
56,918
55,920
55,920
55,921
55,921
55,921
55,922
55,924
55,925
55,925
54,926
53,927
52,928
51,929
51,929
52,928
51,929
51,929
51,929
50,930
49,931
48,932
48,932
48,932
48,932
48,932
48,932
50,930
50,930
50,930
50,930
50,930
50,930
50,931
49,932
49,932
51,930
51,930
50,931
50,931
50,931
48,934
48,935
48,935
48,936
47,937
45,939
45,939
46,938
46,938
46,939
45,940
44,941
42,946
43,945
43,945
42,947
43,947
43,947
42,949
42,949
40,951
40,951
40,951
40,951
39,952
38,955
37,956
38,955
38,955
38,955
37,956
37,956
37,956
37,956
35,958
33,960
32,961
32,961
32,961
32,961
32,961
32,961
31,962
32,961
31,962
31,962
31,962
31,962
31,962
30,963
28,967
28,967
28,967
28,967
28,967
28,967
29,966
29,966
29,966
29,966
29,966
28,967
28,967
28,967
28,967
28,967
27,968
27,968
27,968
27,968
27,968
27,968
27,968
27,969
27,969
27,969
27,969
26,970
25,971
25,971
25,971
24,972
24,972
24,972
