900,50
900,50
900,49
898,49
898,48
897,47
894,49
893,50
892,51
889,54
887,55
885,55
884,54
884,53
882,54
878,54
875,55
874,56
873,58
871,60
867,61
864,61
861,63
859,65
855,67
853,69
849,72
847,72
847,70
845,70
844,70
844,69
841,71
837,71
835,71
833,72
831,72
829,73
831,71
829,72
826,72
821,73
821,71
819,72
819,72
816,74
814,75
813,74
812,73
811,73
809,75
805,75
804,76
804,76
799,80
797,80
792,83
790,84
786,83
784,85
779,87
775,88
774,88
768,89
765,91
762,91
760,91
754,91
753,91
751,93
750,93
750,94
748,94
748,94
749,93
741,95
738,93
736,93
732,94
732,95
733,96
731,97
729,94
725,93
726,94
723,93
718,95
715,96
713,95
707,96
703,98
703,98
702,98
698,103
694,105
695,105
692,105
691,106
687,106
685,106
684,102
680,103
679,103
676,103
673,103
668,105
669,107
666,106
666,107
665,107
665,107
664,107
661,107
658,110
655,111
653,111
649,112
647,112
646,113
643,114
642,115
643,114
641,114
638,115
635,117
635,118
636,116
631,117
631,117
628,119
626,119
626,118
620,120
621,118
623,117
624,118
618,118
619,117
617,118
613,120
612,122
614,121
609,124
606,123
605,123
601,122
599,123
599,121
596,123
590,124
588,124
587,124
585,126
583,127
579,127
575,128
570,128
564,128
565,130
566,126
567,125
562,126
561,126
560,127
555,129
553,127
552,126
548,128
548,127
546,127
546,128
541,127
540,126
539,126
536,125
531,126
531,126
528,126
526,126
522,127
523,125
519,124
517,124
516,123
516,124
517,125
514,125
511,124
510,123
508,121
503,123
501,125
500,126
500,125
501,125
501,125
500,123
502,123
502,122
498,123
496,124
492,121
488,121
489,120
486,119
483,120
482,118
481,118
481,118
478,119
476,121
473,121
471,123
472,123
470,124
470,122
469,120
467,117
468,115
467,115
464,113
462,115
460,114
459,113
452,115
450,116
454,118
453,118
450,119
449,117
448,116
446,115
448,115
446,115
443,115
442,116
442,118
440,119
442,120
442,117
441,118
440,117
437,119
434,120
433,122
431,118
429,120
426,121
426,118
426,117
426,118
425,118
425,118
424,118
425,118
423,118
423,119
423,118
425,116
428,117
431,117
427,119
423,118
423,119
422,120
417,120
419,120
417,121
418,121
418,119
415,121
415,120
414,122
413,121
411,123
406,125
404,124
403,124
400,125
403,125
401,126
401,125
400,125
398,126
397,131
392,131
392,132
390,135
391,134
389,134
392,132
390,133
394,131
399,129
398,129
398,129
396,130
394,130
392,131
395,134
397,136
398,137
395,135
394,134
393,135
391,136
391,137
389,136
387,137
385,139
385,141
380,143
380,143
379,142
382,142
381,142
382,145
382,143
380,145
377,145
378,146
378,145
377,147
377,148
377,145
378,142
378,143
380,144
381,142
384,139
384,137
383,138
383,135
380,136
378,136
380,136
378,135
379,135
378,134
376,134
375,134
372,136
370,135
365,133
361,137
363,136
364,135
366,136
368,134
370,134
367,136
369,133
368,134
365,133
366,134
365,133
362,136
361,137
360,137
358,139
356,142
358,140
358,138
358,139
356,140
354,140
355,143
352,143
349,143
349,144
348,143
348,144
350,145
351,148
349,149
348,149
347,149
348,150
348,151
346,154
345,152
343,153
345,152
343,152
340,151
342,147
343,146
343,146
340,145
340,144
339,147
336,147
336,147
337,148
337,146
339,146
337,146
333,145
334,147
332,148
336,145
337,148
335,144
334,146
331,148
328,148
329,148
324,149
325,149
326,148
331,147
329,149
327,151
325,149
327,147
327,148
326,152
324,152
321,153
319,156
318,157
318,158
320,158
318,157
318,157
317,160
315,160
312,160
310,160
307,160
306,162
309,159
310,159
311,160
310,160
309,160
306,159
309,160
306,158
303,158
302,158
301,159
303,161
306,161
302,163
298,165
300,163
301,162
301,160
303,159
304,160
301,161
301,160
300,161
300,157
301,154
301,155
301,156
300,156
299,157
298,157
299,156
297,155
295,158
294,160
294,159
295,158
296,155
297,152
293,151
295,152
295,152
295,151
293,152
292,152
294,151
295,151
297,149
293,152
293,152
294,153
292,153
294,151
293,152
293,150
291,151
288,152
288,154
289,152
285,154
285,153
284,155
283,151
285,151
285,151
284,152
287,149
288,149
290,148
292,147
293,146
292,147
293,149
295,148
295,150
293,149
293,147
294,146
292,147
290,147
292,146
291,147
288,148
287,149
286,146
287,148
287,150
286,150
285,151
287,149
287,152
285,152
287,152
286,152
285,154
286,151
287,150
286,149
285,149
281,150
282,149
284,148
283,149
282,148
283,149
284,149
282,150
282,151
281,150
282,151
280,152
283,152
281,153
277,154
280,153
283,152
283,151
282,152
284,152
283,152
282,154
284,152
287,153
284,154
284,153
281,154
281,154
281,154
280,154
284,154
284,156
288,156
288,156
290,157
292,155
290,156
293,156
294,152
295,154
296,151
295,152
293,153
292,153
289,151
286,150
287,150
286,151
285,152
288,152
285,154
284,156
282,156
283,157
288,157
291,156
293,160
294,163
295,163
293,165
293,165
293,164
295,165
295,164
294,164
294,164
296,165
294,164
292,166
292,164
291,162
295,160
296,160
294,159
293,160
290,163
292,164
289,163
288,166
290,167
288,166
287,169
286,167
283,169
282,171
283,172
283,173
284,175
279,174
280,176
281,177
280,181
282,179
282,179
285,178
281,177
282,178
280,181
280,181
282,180
280,182
280,182
280,183
279,187
283,185
284,183
281,183
279,182
277,184
276,186
276,184
276,184
273,185
272,186
273,185
271,184
270,183
273,187
272,187
273,187
272,191
274,192
275,190
274,192
273,192
270,192
273,189
270,191
269,190
268,191
272,190
270,190
271,190
271,191
273,192
271,192
270,192
269,192
271,192
270,192
269,191
267,194
268,195
272,194
274,193
277,194
275,196
273,199
275,199
272,199
271,201
272,202
273,203
273,201
273,201
272,201
271,204
270,204
271,203
272,202
272,205
265,207
267,204
268,205
266,207
270,205
270,204
271,204
271,204
271,208
271,208
271,209
272,207
273,206
274,204
272,205
273,206
270,205
270,207
270,204
268,204
268,200
265,206
266,205
267,203
269,202
267,202
266,202
268,197
269,195
266,194
264,192
266,186
268,187
269,189
268,186
270,186
272,187
270,190
268,191
267,191
266,194
266,193
264,195
268,193
270,190
269,189
273,185
271,185
267,187
266,190
264,191
265,188
263,190
264,186
266,185
268,182
266,182
264,182
263,181
263,180
264,181
264,181
263,182
268,182
269,182
270,180
273,181
270,182
273,184
270,185
268,186
265,187
267,186
269,185
268,185
269,183
268,183
266,185
268,185
268,187
267,185
268,183
266,183
269,182
272,180
272,179
270,178
267,177
269,177
269,178
269,180
266,182
267,183
265,184
264,186
259,190
257,189
259,186
259,186
262,186
261,186
265,184
263,184
263,184
263,187
263,191
262,192
263,191
262,193
262,193
263,190
