800,150
798,152
796,154
791,159
790,160
791,160
788,163
787,165
784,168
782,171
780,173
778,174
777,175
777,174
772,179
773,178
774,177
773,177
765,183
764,184
761,187
760,186
756,188
752,190
750,192
746,193
743,195
740,197
739,199
738,199
737,200
737,202
737,201
735,205
732,207
731,208
729,211
729,212
729,214
728,215
727,215
732,213
734,214
732,215
726,217
723,220
723,221
723,222
723,222
718,226
713,228
712,230
709,233
705,236
702,238
700,238
699,238
700,239
699,241
694,246
691,250
691,249
688,251
687,251
688,250
684,251
680,252
678,253
676,257
670,262
667,263
663,266
663,265
659,268
656,271
655,272
653,271
649,275
649,274
645,276
642,279
640,280
638,282
637,282
637,281
632,283
632,283
626,284
625,284
624,286
625,286
622,290
618,291
617,292
612,296
611,294
606,299
606,301
601,308
595,313
592,318
586,324
582,326
583,324
580,326
580,326
577,327
573,331
570,335
568,337
567,338
566,339
564,340
564,339
562,341
559,345
554,349
554,347
553,347
551,347
548,349
546,350
544,351
542,349
539,350
537,352
531,357
532,355
532,354
527,358
526,360
526,361
522,363
517,365
516,367
518,365
516,368
513,370
513,368
510,369
510,369
506,369
506,365
506,367
504,369
505,370
503,372
502,372
498,375
495,378
498,377
495,378
489,382
487,379
487,382
483,386
479,390
475,394
472,399
471,399
470,399
467,399
467,398
465,401
465,399
464,401
457,410
450,417
453,417
450,418
447,420
446,421
447,421
446,422
444,424
443,425
440,427
439,429
436,430
436,428
438,425
439,424
437,425
434,427
434,425
434,426
431,430
431,431
431,433
430,433
429,437
426,441
424,444
420,448
417,451
414,453
413,453
412,453
410,457
410,457
412,456
414,454
408,460
407,459
406,463
409,461
408,461
407,463
406,465
403,469
400,472
396,476
395,476
393,479
393,480
392,480
390,482
389,484
388,485
391,483
390,484
392,483
390,486
387,488
382,492
379,497
378,498
375,501
377,501
374,502
375,503
368,510
368,510
366,511
366,511
364,513
366,512
365,513
364,514
365,515
365,515
362,517
359,519
360,519
359,522
360,520
358,520
357,519
355,522
352,524
352,523
352,524
351,526
349,526
345,530
342,532
343,533
340,534
338,538
335,540
335,537
334,537
333,540
332,540
329,543
325,546
323,549
322,552
322,551
322,552
321,554
319,557
316,561
316,561
315,563
314,563
313,564
313,565
309,568
310,568
307,571
308,571
306,570
306,570
304,572
305,572
307,571
305,574
305,576
303,579
302,581
303,580
302,581
300,584
295,588
297,584
297,583
298,584
294,588
291,592
290,593
287,594
284,596
282,597
283,599
279,604
279,606
280,605
280,606
280,602
276,606
273,610
272,609
272,611
271,613
267,615
267,616
267,619
266,620
262,623
262,623
262,624
259,629
262,626
261,627
258,629
258,629
256,631
256,632
255,634
258,631
258,631
256,635
258,635
258,635
255,637
255,637
250,642
246,645
245,648
243,651
241,653
239,654
236,657
233,661
232,664
231,664
231,665
234,663
229,667
230,666
231,666
231,669
230,669
229,673
226,676
224,679
220,684
222,686
221,687
220,688
220,687
218,689
218,687
218,689
214,695
212,696
211,697
210,699
209,701
211,702
210,704
211,706
213,705
211,709
211,710
208,713
207,716
208,717
206,719
204,721
206,720
205,722
202,725
198,731
197,734
197,734
193,737
193,737
192,738
191,740
192,736
190,737
192,736
191,738
189,740
191,739
189,742
185,746
183,749
183,748
183,749
180,752
182,750
182,749
179,752
177,755
174,759
174,758
172,761
170,763
169,764
167,766
168,765
169,763
170,763
167,768
167,768
165,769
163,772
158,777
158,778
157,780
157,782
155,783
155,785
155,785
154,786
153,787
153,786
150,790
151,788
151,788
150,789
150,788
148,791
148,792
146,794
146,794
148,791
149,790
148,791
146,794
145,794
146,794
146,795
146,795
146,795
144,798
144,799
143,800
143,800
144,800
143,801
140,804
138,806
137,807
137,807
135,810
136,810
137,810
137,810
135,812
134,814
136,813
134,816
133,818
130,821
129,823
127,825
127,825
125,828
126,826
123,828
123,829
121,833
121,832
120,834
119,835
116,839
112,843
112,843
112,844
110,846
110,847
109,848
109,848
109,848
109,848
109,848
110,847
109,848
109,848
108,849
107,851
107,851
107,851
107,851
105,854
105,854
106,853
105,856
105,855
105,855
105,855
103,857
102,859
102,860
101,861
100,862
99,863
97,866
95,868
93,870
92,871
89,874
88,876
87,877
86,879
85,880
86,879
85,880
85,880
86,880
86,881
84,884
83,885
83,885
83,885
82,886
83,887
82,888
83,887
83,887
83,887
83,887
83,887
83,887
83,888
82,889
83,889
81,891
81,891
80,892
80,892
81,891
79,893
78,894
80,892
81,891
81,891
81,891
80,892
78,894
76,896
75,898
75,898
75,898
76,897
77,898
76,899
75,900
74,901
73,902
71,904
70,906
69,908
67,911
68,910
66,912
66,911
66,911
66,911
66,911
66,911
66,911
66,911
67,910
66,911
67,910
65,913
66,912
66,912
65,913
64,914
63,915
63,915
63,916
63,916
63,916
62,918
62,918
62,919
62,919
61,920
60,921
59,922
58,923
56,926
56,926
56,926
55,927
54,930
54,930
53,931
53,931
54,930
54,930
55,930
55,930
53,932
53,932
52,933
52,933
52,933
51,934
51,934
51,934
50,935
50,936
50,936
51,935
50,936
49,938
48,939
50,937
49,939
49,939
48,940
48,940
48,940
48,940
49,939
49,939
49,939
49,939
49,939
49,939
49,939
49,939
48,940
47,941
47,941
47,941
45,943
45,943
44,944
44,944
45,943
45,943
44,944
44,944
44,944
44,944
44,944
46,942
46,942
45,944
45,944
44,946
43,947
43,947
42,948
42,948
42,948
42,948
42,948
41,949
41,949
41,950
42,949
42,949
42,949
41,950
41,950
41,950
40,951
39,953
40,952
39,953
39,953
38,955
36,957
36,958
36,958
35,959
34,960
34,960
34,960
32,962
32,962
32,962
32,962
32,962
32,962
32,962
32,962
33,961
33,961
33,961
33,961
33,961
33,961
32,962
33,961
33,961
33,961
32,962
31,963
31,963
30,964
30,964
30,964
31,963
31,963
31,963
31,963
31,963
31,963
32,962
31,963
31,963
31,963
31,963
29,965
29,965
29,965
29,965
29,965
29,965
29,965
29,965
28,966
28,966
27,967
28,966
28,966
28,966
28,966
28,966
27,967
27,967
26,968
25,969
23,971
23,972
23,972
23,972
22,973
22,973
22,973
22,973
22,973
22,973
22,973
22,973
21,974
21,974
21,974
21,974
21,975
21,975
21,975
20,976
20,976
20,976
20,976
20,976
19,977
19,977
19,977
19,977
19,977
18,978
18,978
18,978
18,978
18,978
18,978
17,979
17,979
17,979
17,979
17,980
16,981
16,981
16,981
16,981
16,981
16,981
16,981
16,981
16,981
18,979
18,979
18,979
18,979
18,979
17,980
17,980
18,979
