700,250
698,252
694,256
694,256
691,258
690,260
692,258
692,258
691,259
689,261
687,262
690,258
688,261
683,264
679,266
677,267
673,270
672,270
673,270
669,272
664,276
660,279
660,281
661,281
657,286
660,282
658,284
657,283
655,284
655,285
653,287
652,288
648,291
646,292
646,293
642,294
643,293
642,293
639,294
637,296
638,297
635,302
631,306
631,306
631,306
631,307
629,310
630,311
627,315
623,320
622,323
618,327
618,328
612,333
609,337
604,342
604,342
602,343
601,344
596,347
595,349
594,350
592,351
588,353
586,355
588,353
589,354
586,357
584,358
586,356
585,358
583,359
580,362
579,364
581,362
579,364
575,368
572,373
570,373
566,374
564,374
560,378
559,379
555,383
556,382
548,390
548,390
548,391
546,393
545,392
543,395
542,394
537,399
538,398
534,401
535,402
535,401
533,403
534,403
532,408
533,408
530,411
527,413
524,416
525,417
523,417
524,418
522,420
520,421
516,425
513,427
514,427
513,428
513,427
510,429
510,429
508,431
507,433
508,433
509,432
507,432
507,433
507,434
509,433
505,436
503,438
500,438
504,433
506,433
504,432
496,440
495,444
491,449
491,448
489,450
489,451
485,455
483,456
480,457
478,460
474,465
471,468
471,469
470,471
469,472
467,473
466,474
458,481
455,481
454,484
454,483
451,486
449,488
448,489
443,496
442,497
436,503
434,505
432,508
429,513
428,515
422,520
422,520
422,522
420,523
416,527
414,530
411,535
408,537
402,542
398,546
397,549
395,551
391,553
393,551
392,552
389,555
386,556
388,555
387,557
387,557
384,558
383,558
382,557
381,558
376,562
371,567
371,567
369,568
365,571
362,574
361,575
361,576
362,575
362,574
359,576
359,576
362,575
362,575
362,577
363,577
359,581
358,582
356,583
352,587
350,588
346,593
347,592
345,593
338,598
331,605
331,605
327,608
323,612
319,616
319,616
316,619
316,621
316,621
316,622
313,625
309,628
308,628
307,630
305,633
301,636
301,638
301,635
301,636
299,641
296,644
297,643
296,645
293,648
290,650
286,654
287,654
287,656
284,659
280,662
278,663
275,665
278,662
275,665
276,665
274,667
273,668
273,669
270,672
270,671
269,671
269,671
270,671
269,673
269,673
268,674
266,676
264,675
263,677
261,680
255,686
258,683
258,682
256,684
254,687
255,687
254,689
253,690
250,692
248,694
244,700
241,703
239,705
234,712
235,711
234,712
234,713
232,716
234,715
232,718
231,720
231,722
232,721
231,721
231,722
231,722
230,723
227,726
225,728
223,732
222,733
219,736
219,736
217,740
215,742
217,740
216,741
216,740
216,740
215,741
214,742
213,743
211,746
210,749
209,751
210,750
211,749
213,748
211,752
210,753
209,755
208,757
206,759
207,758
206,759
203,762
202,764
197,770
195,772
195,772
193,775
190,778
186,782
182,784
180,786
182,786
182,786
182,786
183,785
181,787
181,789
180,790
179,792
175,796
176,795
172,800
170,802
168,805
168,804
166,807
163,810
162,812
162,812
163,811
164,810
161,813
160,813
159,814
157,816
158,816
156,817
155,818
154,820
153,820
153,820
150,823
149,825
145,830
145,830
143,833
141,835
142,834
140,836
137,839
137,839
133,843
133,843
133,843
132,844
134,842
133,844
131,846
131,845
132,844
130,846
130,846
128,849
125,852
126,851
124,853
124,853
122,855
121,856
120,857
119,858
120,857
120,857
117,860
117,859
114,863
112,865
111,866
113,864
113,864
111,866
112,865
112,865
111,866
109,868
108,869
108,869
108,869
105,872
104,873
103,874
102,875
101,876
100,877
99,878
100,878
99,880
100,879
100,879
99,879
96,882
95,883
94,884
92,886
90,888
90,888
90,888
90,888
90,888
91,887
90,888
90,888
91,887
89,889
88,890
89,889
89,889
89,889
88,890
87,891
88,892
88,891
88,891
86,893
86,893
84,896
84,896
84,896
83,898
83,899
84,899
83,900
83,901
83,901
83,902
83,902
83,902
83,902
83,902
82,904
82,904
83,903
82,905
81,906
80,908
79,909
78,910
77,911
76,912
75,914
75,915
76,914
76,914
77,914
77,914
76,916
76,916
74,919
74,919
75,918
73,920
73,920
73,920
73,920
73,920
73,920
73,920
73,920
73,920
74,919
74,919
74,920
75,919
72,922
72,922
73,921
73,921
73,921
73,921
72,922
71,923
69,925
68,926
70,924
70,924
70,924
69,926
69,926
70,925
70,925
69,926
69,926
69,926
69,926
69,926
69,926
69,926
68,927
68,927
69,926
69,926
67,928
67,928
67,928
66,929
65,930
65,930
65,930
65,930
65,930
64,931
65,930
65,931
64,932
64,932
64,932
64,932
65,931
64,932
64,932
64,932
65,931
63,933
62,934
62,934
62,935
62,935
62,935
61,936
61,936
60,937
61,936
62,936
61,937
60,938
60,938
59,939
57,941
55,943
56,942
55,943
54,944
54,944
53,945
54,944
54,944
54,944
54,944
53,945
52,946
52,946
52,946
52,946
51,947
50,948
50,948
49,949
48,950
51,948
50,949
50,949
50,949
49,950
49,950
49,950
47,952
47,952
48,951
49,950
49,950
49,950
49,950
48,951
48,951
47,952
47,952
47,952
47,952
46,953
46,953
45,954
46,953
46,953
46,953
46,953
45,954
45,954
45,954
45,954
45,954
45,954
45,954
45,954
45,954
44,955
44,955
44,955
43,956
42,957
42,957
42,957
43,956
43,956
44,955
44,955
44,955
44,955
43,956
43,956
43,956
41,958
41,958
41,958
41,958
41,958
40,959
41,958
42,957
42,957
42,957
41,958
41,958
41,958
40,959
39,960
39,960
39,960
37,962
37,962
38,961
38,961
38,961
37,962
37,962
36,963
35,964
34,965
34,965
33,966
32,967
31,968
31,968
32,967
31,968
31,968
31,968
31,968
31,968
30,969
30,969
31,968
31,968
31,968
31,968
31,968
31,968
31,968
31,968
31,968
31,968
31,968
30,969
30,970
30,970
30,970
30,970
30,970
30,970
30,970
31,969
31,969
30,970
30,970
30,970
30,970
30,970
27,973
27,973
27,973
27,973
27,973
27,973
26,974
25,975
25,975
26,974
26,974
26,974
26,974
25,975
25,975
25,975
25,975
25,975
25,975
25,975
25,975
23,977
23,977
22,978
23,977
23,977
23,977
23,977
23,977
23,977
22,978
22,978
21,979
21,979
20,980
20,980
20,980
20,980
20,980
20,980
20,980
20,980
20,980
19,981
20,980
20,980
20,980
21,979
21,979
22,978
21,979
21,979
22,978
22,978
22,978
22,978
22,978
22,978
21,979
21,979
21,979
19,981
19,981
19,981
19,981
19,981
19,981
19,981
19,981
19,981
19,981
19,981
19,981
19,981
19,981
19,981
19,981
19,981
19,981
19,981
20,980
19,981
19,981
19,981
19,981
17,983
17,983
17,983
17,983
17,983
17,983
17,983
17,983
16,984
16,984
16,984
16,984
16,984
16,984
16,984
15,985
15,985
15,985
15,985
14,986
14,986
14,986
14,986
14,986
14,986
14,986
