700,50
698,52
695,53
690,53
688,53
687,53
684,53
680,55
680,55
672,58
672,57
670,57
671,57
670,58
670,56
671,55
670,55
669,54
666,54
665,53
659,55
659,54
657,54
654,54
647,56
647,54
645,55
642,56
640,56
639,55
635,55
629,57
625,57
623,57
620,57
617,57
615,57
615,56
616,54
614,54
611,54
611,54
605,54
605,52
603,52
601,50
596,51
592,50
587,50
583,51
583,51
582,50
579,49
576,48
577,49
578,48
577,48
574,47
573,47
570,47
572,47
568,46
563,46
560,45
561,45
559,44
560,45
562,44
557,43
552,42
552,42
551,44
548,46
546,45
542,46
540,47
539,47
536,47
532,47
528,48
526,48
529,47
527,47
527,46
526,45
526,45
526,45
523,44
522,44
518,45
517,46
513,44
513,44
512,44
509,45
511,45
508,45
508,45
503,46
496,46
495,46
497,44
493,44
493,43
494,43
493,42
494,41
491,41
490,42
486,42
487,42
488,42
486,41
481,42
480,40
481,41
476,43
478,43
478,42
473,42
470,40
468,40
471,39
468,39
467,39
464,40
462,41
459,41
457,42
454,43
449,43
446,43
446,41
443,41
444,42
442,41
444,41
444,41
440,42
440,43
441,43
442,42
443,42
443,40
441,41
441,40
437,41
438,41
432,42
428,42
432,40
428,40
428,40
428,40
425,40
422,40
420,40
421,39
416,39
413,39
412,39
409,40
409,39
408,38
406,38
404,37
399,39
397,38
397,36
395,35
392,35
393,35
390,34
386,35
383,36
382,36
382,36
380,36
376,36
378,36
377,35
376,35
377,35
373,37
371,37
370,36
366,36
362,36
363,35
362,34
360,34
355,34
353,32
353,32
353,31
352,32
351,32
352,32
351,30
349,30
347,30
348,30
343,31
340,30
336,30
337,31
336,31
339,30
339,29
341,29
340,29
339,29
343,29
343,28
340,28
338,28
334,27
336,27
332,27
331,26
328,26
327,26
323,26
323,26
322,26
324,26
319,28
321,28
322,27
319,27
320,27
320,27
318,28
312,28
313,27
313,27
312,27
312,27
312,27
310,28
306,28
306,28
309,28
311,28
311,28
313,28
310,27
310,26
311,26
312,26
312,26
312,26
310,26
311,26
312,26
310,27
312,26
310,26
309,26
305,26
308,27
309,27
309,27
310,26
311,27
310,27
313,27
316,27
312,27
313,27
315,27
317,27
315,27
313,29
314,28
316,28
316,28
313,29
309,30
309,30
308,31
306,32
304,32
303,32
304,34
306,34
306,34
306,34
304,34
303,34
303,34
302,34
302,33
304,33
305,32
306,32
305,31
306,31
308,31
310,31
308,31
308,31
309,31
311,31
309,31
307,32
309,32
307,32
307,32
306,32
308,32
308,32
309,33
302,33
303,33
305,33
305,33
303,32
303,31
303,31
305,31
305,30
308,30
308,30
307,29
305,30
305,31
303,29
302,31
300,30
297,30
299,31
300,32
296,32
297,33
293,33
294,33
293,33
291,33
290,34
290,33
289,32
289,31
288,31
289,31
287,31
286,31
284,31
283,32
283,32
281,31
278,31
278,31
276,32
275,31
272,32
270,32
266,32
270,32
272,31
275,31
275,30
272,29
271,29
271,28
273,28
270,28
269,29
268,29
268,29
268,29
270,28
270,29
267,29
267,29
267,28
265,29
260,29
260,29
258,29
258,29
257,29
256,29
256,29
256,29
252,29
251,30
252,30
249,30
248,31
249,31
251,31
253,31
254,30
254,30
253,30
253,30
253,30
254,31
254,31
252,31
252,31
254,30
253,29
252,29
253,28
254,28
254,28
253,27
251,27
248,27
247,27
243,28
241,27
240,28
236,27
236,26
236,26
233,25
235,26
233,26
230,26
230,26
229,26
227,26
225,25
228,25
228,26
227,26
227,26
230,27
230,27
229,27
231,27
232,27
232,27
229,27
229,27
227,28
225,28
223,28
221,29
223,29
223,28
222,28
221,28
220,27
220,26
219,26
221,26
222,27
225,27
223,27
224,27
223,26
222,26
220,26
223,26
221,26
218,27
220,26
219,26
217,26
215,26
213,27
210,27
212,26
213,25
213,24
212,24
217,24
216,24
215,24
216,24
219,24
217,24
218,24
214,24
212,24
216,24
214,24
213,24
214,24
213,25
211,24
213,24
214,25
217,26
219,25
223,25
225,25
225,25
221,25
220,26
219,26
219,26
218,25
215,25
216,25
214,25
213,26
217,27
217,26
214,26
216,26
216,26
212,25
212,25
213,25
212,25
211,25
213,25
213,25
216,25
215,25
216,25
215,25
220,25
219,25
223,25
222,24
221,24
219,24
219,24
215,24
216,24
216,24
217,24
216,24
216,24
219,24
221,25
220,24
219,24
220,24
220,24
217,24
217,24
218,23
217,23
216,24
219,23
218,24
213,24
215,24
215,24
214,24
214,24
216,23
217,23
220,23
218,24
214,24
216,25
216,25
219,25
221,24
223,24
226,25
225,25
226,25
227,25
226,24
228,24
228,22
226,23
226,23
227,23
225,23
225,23
227,23
226,23
226,23
224,23
225,23
225,23
224,23
223,22
228,22
226,22
227,21
227,22
227,22
229,22
228,22
227,22
227,22
230,22
231,21
232,21
232,22
235,23
234,23
235,23
234,23
232,23
234,22
236,22
235,22
237,22
237,22
236,22
234,22
239,22
242,22
242,22
242,22
240,22
237,22
238,22
237,22
235,23
235,23
238,23
240,23
239,23
239,23
239,22
238,22
234,22
236,22
235,21
234,21
231,20
232,19
230,19
230,18
230,17
228,16
226,16
223,16
226,16
227,15
228,15
228,15
226,15
227,16
230,16
228,16
229,17
227,16
228,16
229,16
229,16
228,16
225,16
223,16
223,16
225,15
224,15
228,17
230,16
231,17
231,17
235,17
235,17
237,17
235,17
234,17
236,17
233,17
236,17
234,17
233,16
233,16
234,16
233,15
232,15
232,15
235,15
233,14
228,14
232,14
231,14
229,13
228,14
225,14
227,14
231,14
232,14
229,14
229,14
227,14
228,13
229,13
228,13
230,13
230,13
232,12
232,13
234,13
233,12
234,12
234,12
234,12
235,12
237,12
238,12
239,11
242,11
242,11
244,11
242,11
241,11
242,11
245,11
248,11
250,10
249,10
250,10
253,10
254,10
253,10
253,10
254,10
256,10
257,10
260,10
259,10
258,10
253,10
253,10
254,10
257,10
254,10
257,10
255,10
257,10
259,9
262,9
262,10
264,9
266,9
266,9
266,9
264,9
265,9
263,9
266,9
267,9
266,9
269,9
269,9
268,9
271,9
270,9
270,9
267,9
267,9
270,9
268,9
267,9
268,9
268,9
266,9
266,8
266,8
268,7
267,7
268,7
270,7
270,7
272,7
272,8
272,8
271,8
269,8
268,9
267,9
267,9
268,9
269,9
267,9
270,9
272,9
274,9
274,9
276,9
275,9
273,9
273,9
269,9
268,9
266,9
266,9
266,9
266,9
265,9
266,9
266,9
264,9
265,9
261,9
256,9
262,9
263,9
262,9
264,9
260,9
258,9
258,9
