50,50
50,54
50,57
50,60
50,63
50,64
50,69
50,72
49,74
49,78
49,77
47,81
47,82
47,82
47,83
47,85
47,84
47,88
46,92
45,92
45,93
44,96
44,96
43,97
42,100
42,102
42,104
42,104
42,106
42,108
41,110
40,112
39,116
39,120
39,121
39,124
37,126
37,130
36,130
36,133
36,134
36,134
35,137
35,139
34,138
34,139
33,141
33,144
33,144
33,146
33,145
32,150
31,153
31,156
31,157
31,160
31,161
31,163
31,162
30,163
30,164
30,165
30,166
29,166
29,169
29,173
29,173
29,175
29,175
28,179
28,181
28,183
28,183
28,184
28,187
28,189
28,192
27,194
26,196
26,196
26,194
26,193
26,194
26,195
26,197
26,199
26,199
26,200
26,200
25,202
25,203
25,202
25,204
24,205
24,206
24,207
24,208
24,207
24,209
24,209
24,211
24,214
24,216
24,216
24,219
23,219
23,221
22,222
22,224
22,226
22,229
22,228
22,228
21,229
21,227
20,230
20,233
20,237
20,238
19,241
19,243
19,243
18,242
17,245
17,244
17,247
17,244
17,248
16,249
16,251
16,250
15,255
15,253
15,255
15,257
15,258
14,257
14,259
14,257
14,257
14,257
14,254
14,256
14,253
14,254
14,256
14,257
14,255
14,256
14,258
14,259
14,261
14,261
14,262
13,267
13,268
13,266
13,262
13,269
13,270
13,269
13,270
13,269
13,271
13,271
13,272
13,271
13,271
13,272
13,273
13,270
12,271
12,271
12,269
12,266
12,265
11,267
11,264
11,265
11,267
11,268
11,269
11,271
11,272
11,273
10,274
10,271
10,272
9,275
9,275
9,274
9,275
9,274
9,274
9,275
9,274
9,275
9,273
9,272
9,273
9,272
9,271
9,271
8,272
8,270
8,268
8,272
8,272
8,272
7,273
7,275
7,278
7,279
7,280
7,281
7,281
7,282
7,281
7,282
7,281
7,280
7,282
7,284
7,285
7,287
7,285
7,284
7,285
7,290
7,295
7,296
7,293
7,287
6,289
6,288
6,287
6,287
6,289
6,288
6,288
6,292
6,295
6,293
6,290
6,288
6,286
5,288
5,288
5,289
5,291
5,292
5,291
5,289
5,288
5,284
5,283
5,282
5,282
4,285
4,284
4,281
4,280
3,278
3,277
3,276
3,277
3,278
3,282
3,283
3,284
3,285
3,283
3,279
3,278
3,276
3,275
3,276
3,276
3,277
3,278
3,279
3,280
3,279
3,279
3,282
3,281
3,279
3,281
3,280
3,281
3,284
3,283
3,283
3,284
3,283
3,284
3,283
3,281
3,284
3,287
3,288
3,288
3,287
3,283
3,284
3,283
3,285
3,287
3,286
2,285
2,287
2,283
2,286
2,284
2,280
2,284
2,284
2,281
2,281
2,281
2,279
2,281
2,282
2,282
2,285
2,284
2,282
2,282
2,282
2,285
2,284
2,286
2,286
2,285
2,286
2,286
2,286
2,287
2,287
2,289
2,287
2,288
2,285
2,288
2,286
2,288
2,288
2,286
2,286
2,289
2,289
2,290
2,290
1,289
1,288
1,289
1,288
1,288
1,286
1,283
1,286
1,285
1,287
1,289
1,291
1,289
1,288
1,287
1,287
1,287
1,288
1,285
1,284
1,279
1,279
1,278
1,277
1,273
1,275
1,275
1,278
1,277
1,277
1,277
1,275
1,273
1,272
1,272
1,271
1,272
1,274
1,276
1,276
1,276
1,273
1,274
1,276
1,277
1,275
1,275
1,274
1,273
1,276
1,274
1,273
1,275
1,276
1,279
1,282
1,284
0,284
0,285
0,283
0,281
0,284
0,284
0,286
0,286
0,287
0,284
0,284
0,280
0,281
0,280
0,280
0,283
0,284
0,282
0,283
0,282
0,284
0,283
0,283
0,284
0,285
0,285
0,286
0,286
0,287
0,283
0,284
0,282
0,279
0,278
0,276
0,279
0,278
0,278
0,277
0,275
0,274
0,272
0,272
0,270
0,272
0,270
0,271
0,272
0,268
0,269
0,268
0,267
0,267
0,267
0,266
0,267
0,266
0,265
0,265
0,269
0,272
0,274
0,277
0,274
0,276
0,274
0,274
0,271
0,271
0,269
0,271
0,273
0,269
0,270
0,269
0,271
0,274
0,273
0,277
0,277
0,278
0,278
0,280
0,278
0,277
0,278
0,279
0,278
0,276
0,278
0,278
0,278
0,275
0,274
0,274
0,278
0,282
0,284
0,280
0,278
0,276
0,273
0,276
0,277
0,275
0,273
0,274
0,277
0,272
0,276
0,280
0,284
0,287
0,285
0,285
0,286
0,285
0,285
0,287
0,287
0,287
0,290
0,289
0,293
0,294
0,295
0,297
0,298
0,298
0,299
0,300
0,301
0,300
0,299
0,301
0,300
0,299
0,301
0,301
0,301
0,297
0,296
0,294
0,294
0,294
0,294
0,299
0,296
0,294
0,294
0,294
0,299
0,300
0,296
0,296
0,299
0,298
0,302
0,303
0,299
0,296
0,293
0,295
0,295
0,295
0,294
0,297
0,298
0,296
0,300
0,298
0,299
0,299
0,299
0,297
0,295
0,297
0,299
0,295
0,295
0,297
0,295
0,296
0,298
0,302
0,301
0,299
0,298
0,298
0,296
0,293
0,294
0,293
0,294
0,295
0,296
0,298
0,297
0,295
0,295
0,297
0,297
0,299
0,296
0,290
0,289
0,291
0,289
0,285
0,285
0,283
0,284
0,280
0,281
0,280
0,278
0,279
0,280
0,279
0,278
0,277
0,278
0,280
0,281
0,285
0,289
0,292
0,292
0,294
0,293
0,292
0,292
0,291
0,290
0,290
0,291
0,292
0,293
0,293
0,289
0,290
0,289
0,289
0,288
0,287
0,290
0,288
0,287
0,289
0,290
0,291
0,292
0,289
0,288
0,290
0,290
0,287
0,285
0,284
0,281
0,282
0,284
0,289
0,287
0,286
0,286
0,286
0,287
0,290
0,291
0,296
0,295
0,297
0,300
0,299
0,299
0,297
0,297
0,296
0,298
0,296
0,294
0,293
0,294
0,295
0,297
0,299
0,294
0,293
0,292
0,294
0,293
0,293
0,290
0,294
0,293
0,294
0,294
0,294
0,296
0,296
0,298
0,300
0,300
0,300
0,302
0,303
0,305
0,305
0,303
0,301
0,298
0,295
0,295
0,298
0,299
0,300
0,302
0,303
0,303
0,305
0,308
0,310
0,309
0,308
0,306
0,309
0,308
0,308
0,309
0,309
0,311
0,310
0,311
0,315
0,317
0,315
0,318
0,317
0,319
0,321
0,315
0,314
0,313
0,313
0,312
0,313
0,314
0,313
0,311
0,313
0,315
0,315
0,313
0,314
0,317
0,318
0,315
0,317
0,321
0,320
0,320
0,321
0,321
0,318
0,320
0,323
0,321
0,319
0,320
0,316
0,315
0,314
0,314
0,312
0,316
0,315
0,314
0,313
0,313
0,312
0,309
0,309
0,308
0,309
0,308
0,307
0,307
0,307
0,304
0,304
