50,100
50,106
50,109
50,110
48,116
48,117
46,118
46,124
46,128
45,130
45,131
45,133
44,137
44,140
43,141
41,144
41,146
40,154
40,156
40,160
39,162
38,162
37,163
37,164
37,170
37,175
37,180
37,184
37,190
36,193
35,196
35,196
35,198
34,203
34,209
33,208
32,210
32,212
31,212
31,214
31,216
30,221
30,222
30,221
30,224
30,225
30,227
30,226
30,229
29,231
29,230
28,232
28,234
28,232
27,234
27,238
27,239
27,242
27,245
27,250
26,250
26,251
25,255
25,258
24,262
24,262
24,265
23,264
23,264
23,269
22,271
22,274
21,278
21,278
21,282
21,286
21,287
21,289
20,291
20,293
20,296
20,301
20,302
19,305
19,301
19,302
19,305
19,310
19,312
19,314
18,313
18,313
18,314
18,314
18,315
18,313
18,313
18,315
18,316
18,318
18,320
18,321
17,321
17,322
17,324
17,326
17,325
17,322
17,320
17,320
17,317
17,317
17,319
17,318
17,319
17,320
17,318
17,319
17,317
17,314
17,314
16,315
16,315
16,317
16,319
16,322
16,323
16,323
16,327
16,325
16,326
16,325
16,329
16,329
16,333
16,334
16,336
16,334
16,331
16,334
16,335
16,339
16,339
16,344
16,343
16,342
16,341
16,342
16,345
16,346
16,345
16,344
15,346
15,347
15,346
14,344
13,344
13,345
13,346
13,345
13,347
13,348
13,349
13,353
12,354
12,355
12,359
12,362
12,363
11,365
11,368
11,368
11,368
11,367
11,368
11,372
11,372
9,375
9,374
9,376
9,376
9,377
9,378
9,379
9,377
9,381
9,380
9,382
9,381
9,382
9,381
9,382
9,381
9,379
9,380
8,380
8,379
8,377
8,379
8,376
8,375
8,373
8,373
8,373
8,373
8,374
8,374
8,376
8,378
8,378
8,377
8,379
8,381
8,379
8,380
8,380
8,378
8,376
8,378
7,378
7,380
6,384
5,386
5,384
5,388
5,388
5,387
5,388
5,390
5,391
5,392
5,396
5,397
5,400
5,399
5,398
5,398
5,400
5,405
5,403
5,401
5,403
5,399
5,399
5,398
5,399
5,402
5,399
5,396
5,396
5,394
5,394
5,393
5,393
5,392
4,390
4,393
4,396
4,396
4,396
4,399
4,401
4,405
4,404
4,404
4,402
4,400
4,400
3,398
3,398
3,396
3,398
3,396
3,393
3,391
3,392
3,392
3,393
3,392
3,394
3,398
3,398
3,398
3,395
3,395
3,398
2,398
2,399
2,401
2,400
2,401
2,404
2,402
2,405
2,409
2,407
2,407
2,407
2,403
2,402
2,401
2,398
2,397
2,395
2,397
2,396
2,391
2,394
2,392
2,393
2,392
2,391
2,390
2,392
2,394
2,393
2,390
2,388
2,389
2,388
2,385
2,387
2,385
2,389
2,388
2,385
2,389
2,391
2,392
2,393
2,391
2,392
2,394
2,392
2,392
2,391
2,391
2,392
2,393
1,393
1,393
1,388
1,385
1,384
1,387
1,387
1,387
0,387
0,389
0,389
0,390
0,389
0,393
0,389
0,390
0,389
0,393
0,393
0,393
0,390
0,391
0,393
0,391
0,391
0,387
0,385
0,382
0,380
0,381
0,379
0,380
0,381
0,385
0,383
0,381
0,377
0,376
0,374
0,374
0,374
0,375
0,374
0,373
0,372
0,372
0,374
0,376
0,379
0,380
0,379
0,385
0,386
0,382
0,384
0,385
0,387
0,390
0,388
0,388
0,389
0,386
0,384
0,385
0,382
0,382
0,384
0,385
0,387
0,386
0,383
0,386
0,388
0,391
0,391
0,390
0,385
0,386
0,389
0,388
0,387
0,388
0,385
0,385
0,380
0,377
0,374
0,373
0,373
0,375
0,373
0,371
0,369
0,367
0,369
0,371
0,370
0,373
0,373
0,371
0,366
0,367
0,368
0,364
0,359
0,360
0,360
0,358
0,359
0,356
0,358
0,355
0,356
0,356
0,358
0,354
0,355
0,356
0,356
0,353
0,352
0,352
0,355
0,353
0,356
0,360
0,361
0,362
0,363
0,361
0,364
0,365
0,362
0,358
0,362
0,360
0,360
0,362
0,359
0,359
0,361
0,358
0,360
0,358
0,358
0,356
0,354
0,355
0,357
0,356
0,354
0,352
0,351
0,350
0,347
0,347
0,348
0,347
0,351
0,350
0,349
0,351
0,347
0,350
0,350
0,351
0,347
0,346
0,342
0,346
0,348
0,342
0,342
0,341
0,343
0,344
0,343
0,342
0,344
0,344
0,344
0,347
0,349
0,352
0,352
0,349
0,346
0,348
0,347
0,347
0,348
0,347
0,345
0,345
0,342
0,342
0,343
0,341
0,343
0,341
0,343
0,342
0,343
0,344
0,341
0,339
0,343
0,343
0,340
0,337
0,336
0,337
0,339
0,336
0,336
0,336
0,337
0,340
0,340
0,339
0,337
0,340
0,341
0,341
0,339
0,339
0,339
0,337
0,341
0,343
0,343
0,344
0,342
0,341
0,338
0,338
0,339
0,338
0,338
0,341
0,342
0,339
0,332
0,331
0,328
0,328
0,325
0,324
0,324
0,325
0,324
0,322
0,324
0,320
0,321
0,319
0,319
0,317
0,320
0,317
0,316
0,318
0,318
0,318
0,320
0,318
0,318
0,320
0,321
0,324
0,323
0,320
0,321
0,320
0,321
0,323
0,321
0,325
0,322
0,322
0,321
0,319
0,316
0,315
0,315
0,316
0,317
0,319
0,317
0,320
0,321
0,320
0,321
0,321
0,322
0,322
0,321
0,320
0,324
0,324
0,320
0,321
0,320
0,318
0,318
0,314
0,318
0,318
0,321
0,318
0,319
0,321
0,321
0,324
0,327
0,330
0,333
0,331
0,332
0,333
0,333
0,332
0,330
0,335
0,334
0,337
0,335
0,335
0,334
0,336
0,339
0,338
0,340
0,340
0,343
0,341
0,341
0,339
0,341
0,339
0,340
0,343
0,346
0,345
0,343
0,343
0,344
0,344
0,340
0,337
0,333
0,331
0,333
0,334
0,333
0,334
0,335
0,335
0,334
0,334
0,332
0,336
0,337
0,335
0,332
0,332
0,332
0,331
0,329
0,330
0,326
0,325
0,329
0,327
0,329
0,328
0,327
0,330
0,328
0,329
0,330
0,332
0,331
0,334
0,330
0,330
0,328
0,329
0,327
0,325
0,325
0,326
0,327
0,325
0,324
0,320
0,320
0,317
0,321
0,323
0,322
0,321
0,322
0,321
0,320
0,320
0,319
0,318
0,313
0,314
0,311
0,313
0,313
0,311
0,312
0,313
0,311
0,311
0,313
0,317
0,318
0,322
0,322
0,325
0,324
0,323
0,321
0,320
0,319
0,320
0,321
0,321
0,319
0,317
0,317
0,315
0,315
0,318
0,321
0,321
0,320
0,318
0,318
0,319
0,321
0,319
0,320
0,320
0,319
0,319
0,320
0,320
0,322
0,326
0,328
0,328
0,329
0,329
0,327
0,327
0,327
0,323
