600,200
600,207
593,214
587,218
580,223
574,228
569,231
561,236
555,241
551,244
546,247
542,251
538,254
532,258
528,259
521,266
518,267
513,271
508,274
502,279
500,279
494,286
491,288
488,292
482,297
478,300
474,303
469,307
462,311
459,315
455,319
450,324
444,328
439,333
433,334
429,338
426,345
422,349
418,353
415,358
410,364
406,368
400,373
396,379
392,386
388,391
384,394
381,396
378,398
374,403
370,406
364,407
361,412
360,414
356,418
351,424
348,428
343,434
339,438
338,439
333,443
331,449
329,448
327,451
326,449
322,453
319,455
315,459
313,464
310,468
308,468
306,471
302,475
298,478
298,481
296,481
292,481
291,481
288,484
285,487
284,489
282,488
279,491
275,498
270,504
269,506
265,508
262,514
257,521
256,523
255,527
254,531
252,533
249,533
247,532
245,533
242,537
241,540
239,541
236,544
234,545
231,548
230,549
228,556
225,556
219,560
219,559
215,562
211,565
208,565
206,569
203,571
201,576
200,575
196,578
194,580
193,582
189,584
184,589
180,596
179,596
178,598
173,603
170,603
168,605
164,609
163,615
161,614
160,616
158,619
156,620
155,623
154,625
153,627
150,628
148,631
143,635
141,634
138,638
138,639
134,640
131,639
129,641
127,639
127,637
126,639
124,643
122,641
122,643
121,646
119,649
115,655
114,653
113,658
112,658
111,659
111,658
110,658
110,658
109,656
108,656
107,657
106,660
103,662
102,665
100,664
97,671
96,673
96,672
96,670
95,673
93,676
92,676
90,677
89,677
89,681
89,683
88,686
88,690
88,689
87,690
86,692
86,692
86,690
86,690
86,689
84,689
81,690
81,688
81,690
80,697
80,695
80,695
78,694
78,693
78,691
78,689
77,692
76,689
75,690
74,692
73,691
72,694
71,696
69,698
68,698
68,698
67,699
66,701
65,700
63,700
63,701
63,706
62,706
61,703
61,705
61,704
60,707
60,705
59,703
59,703
58,704
58,706
57,705
53,710
51,706
50,708
49,708
49,708
49,708
48,706
48,708
47,708
47,706
46,708
46,709
46,707
46,707
46,709
46,709
46,708
43,710
43,713
43,713
42,713
42,712
42,710
42,713
41,715
41,714
40,715
39,716
38,719
38,722
38,723
38,722
38,724
38,726
38,726
38,729
37,733
37,733
37,729
36,733
35,734
35,732
34,734
34,733
34,734
34,732
34,732
33,731
33,732
33,733
33,736
33,735
33,737
33,740
33,740
33,743
33,745
33,745
33,748
33,746
31,748
31,753
30,756
29,755
29,755
29,756
29,755
29,752
29,749
29,748
29,745
29,745
29,744
27,747
27,747
26,750
26,747
26,750
26,749
25,751
25,749
25,750
25,748
25,749
25,750
25,751
25,752
24,753
24,747
24,746
24,745
24,744
24,743
24,743
24,747
24,743
23,742
23,743
23,745
23,746
23,747
23,748
23,749
23,746
22,747
22,748
22,747
22,749
22,748
22,749
21,755
21,754
21,753
21,753
21,754
21,755
21,755
20,754
20,752
20,754
20,755
20,754
20,754
20,752
20,753
20,753
20,752
20,755
20,752
20,755
19,756
19,756
19,755
19,757
19,756
19,751
16,753
15,755
15,756
15,755
15,758
15,756
15,755
15,758
15,762
15,764
15,762
15,763
15,764
15,763
15,765
14,764
14,764
14,762
13,762
13,763
13,762
13,762
13,767
13,765
13,767
13,769
13,767
13,768
13,769
12,772
12,774
12,776
12,777
12,775
12,775
12,774
12,776
11,779
11,781
11,782
11,783
11,785
11,780
11,782
11,783
11,783
11,784
11,785
11,786
11,787
10,785
10,788
9,788
9,786
9,789
9,790
9,791
9,790
8,791
8,792
8,791
8,791
8,794
7,794
7,797
7,793
7,794
7,794
7,798
7,793
7,794
7,793
7,788
7,788
7,790
7,790
7,792
7,793
7,793
7,792
7,791
7,791
7,791
6,792
6,794
6,793
6,792
6,794
6,794
6,797
6,800
6,799
6,799
6,797
6,797
6,798
6,800
6,801
5,800
5,799
5,799
5,799
5,798
5,798
5,796
5,798
5,794
5,796
4,801
4,803
4,806
4,805
4,809
4,812
4,812
4,813
4,811
4,811
4,811
4,813
3,813
3,813
3,813
3,816
3,818
3,821
3,820
3,820
3,820
3,821
2,823
2,823
2,827
2,827
2,829
2,828
2,828
2,829
2,831
2,831
2,830
2,831
2,830
2,831
2,830
2,830
2,830
2,828
2,829
2,827
2,829
2,830
2,831
2,831
2,833
2,833
2,832
2,833
2,831
2,833
2,834
2,835
2,836
2,836
2,836
2,837
1,836
1,834
1,829
1,830
1,829
1,830
1,827
1,826
1,826
1,826
1,825
1,824
1,823
1,820
1,820
1,818
1,820
1,822
1,820
1,817
1,816
1,818
1,818
1,817
1,818
1,818
1,817
1,815
1,816
1,816
1,817
1,814
1,814
1,816
1,818
1,817
1,815
1,815
1,814
1,814
1,814
1,813
1,810
1,815
1,815
1,814
1,814
1,816
1,816
1,816
1,815
1,819
1,819
1,819
1,815
1,817
1,817
1,816
1,811
1,815
1,813
1,812
1,811
1,813
1,812
1,813
1,811
1,811
1,810
1,807
1,806
1,806
1,805
1,807
1,804
1,801
1,798
1,801
1,804
1,801
1,800
1,800
1,801
1,800
1,800
1,799
1,798
1,796
1,795
0,794
0,792
0,793
0,792
0,792
0,791
0,792
0,789
0,791
0,790
0,793
0,794
0,791
0,789
0,791
0,793
0,791
0,790
0,789
0,788
0,788
0,790
0,789
0,790
0,789
0,788
0,784
0,783
0,783
0,785
0,785
0,785
0,784
0,785
0,785
0,784
0,784
0,783
0,782
0,781
0,785
0,785
0,784
0,785
0,782
0,781
0,779
0,778
0,778
0,776
0,776
0,777
0,777
0,773
0,772
0,774
0,777
0,776
0,774
0,772
0,772
0,775
0,773
0,774
0,778
0,779
0,776
0,773
0,775
0,778
0,777
0,775
0,775
0,771
0,773
0,775
0,776
0,778
0,779
0,779
0,776
0,775
0,772
0,771
0,770
0,771
0,769
0,768
0,766
0,769
0,769
0,767
0,768
0,766
0,765
0,766
0,767
0,768
0,766
0,763
0,762
0,763
0,762
0,761
0,761
0,761
0,763
0,764
0,766
0,765
0,766
0,768
0,768
0,770
0,765
0,767
0,765
0,764
0,764
0,765
0,767
0,770
0,771
0,771
0,772
0,772
0,773
0,774
0,773
0,774
0,774
0,774
0,774
0,775
0,777
0,775
0,774
0,773
0,773
0,773
0,772
0,774
0,777
0,778
0,778
0,776
0,776
0,775
0,776
0,777
0,777
0,778
0,781
0,780
0,780
0,778
0,777
0,773
0,770
0,771
0,768
0,770
0,770
0,767
0,768
0,770
0,771
0,770
0,772
0,770
0,768
0,767
0,768
0,766
0,766
0,765
0,767
0,764
0,763
0,763
0,764
0,768
0,769
0,766
0,769
0,767
