400,400
400,407
395,411
390,411
383,415
378,420
372,425
368,431
367,428
365,429
361,435
356,440
353,446
351,449
347,452
345,453
341,456
336,459
333,461
326,464
324,466
318,472
315,478
312,481
312,481
311,482
309,484
305,487
300,491
299,492
296,493
292,496
290,495
287,496
280,501
280,500
279,498
275,499
271,501
270,503
267,506
265,507
261,510
256,515
252,521
250,523
245,529
242,532
241,532
239,535
237,534
235,538
233,542
230,543
229,545
226,547
224,550
221,555
220,554
218,555
216,560
215,563
213,569
211,571
210,574
209,577
208,574
208,573
208,575
205,583
202,585
199,586
199,589
198,588
196,589
193,593
190,597
190,598
188,598
188,601
186,602
182,604
181,606
179,606
179,610
177,612
176,613
175,615
172,618
169,620
168,623
165,622
162,626
161,629
160,632
159,634
158,637
155,641
154,641
154,641
153,642
151,644
150,647
149,651
148,653
147,655
146,657
143,661
142,660
140,664
139,665
138,667
137,666
137,669
135,673
134,674
133,675
131,678
130,680
129,684
128,683
125,688
122,692
121,692
120,690
118,696
118,698
116,700
114,699
111,706
111,705
109,707
107,705
107,704
106,704
106,711
105,715
102,716
102,715
102,718
102,721
102,721
101,722
99,721
99,719
97,723
97,722
96,725
96,728
93,731
93,731
91,731
91,731
90,732
90,733
89,736
87,735
86,735
85,735
84,736
81,736
79,739
78,739
78,739
76,742
76,744
75,747
73,749
73,750
71,751
71,752
68,757
68,761
68,760
68,761
68,759
68,760
68,759
68,761
68,763
67,765
66,765
66,764
66,761
65,761
65,765
63,766
63,767
62,768
62,767
61,766
60,766
59,767
59,766
58,764
57,763
57,764
56,765
55,766
54,768
54,768
53,765
52,766
52,766
52,767
51,768
51,770
51,768
51,769
50,770
50,771
49,771
49,770
49,770
49,770
48,770
47,771
46,768
45,768
43,770
43,770
43,768
43,769
42,773
42,776
42,775
42,776
42,777
42,777
42,778
42,780
42,781
42,781
42,783
41,783
41,783
41,784
41,783
40,783
40,782
39,782
39,781
38,781
38,779
38,778
38,781
38,783
37,785
37,787
37,790
37,792
37,793
37,794
37,793
37,793
36,793
36,795
35,795
35,794
34,797
34,798
34,797
34,796
34,796
33,798
33,797
33,799
33,803
32,803
31,801
31,803
31,803
31,802
31,799
31,798
31,801
31,799
31,799
31,796
31,795
30,795
29,794
28,793
27,796
27,795
27,796
27,793
27,793
26,797
26,797
26,796
26,796
26,794
25,795
24,797
24,798
24,798
23,801
23,799
22,800
22,800
22,801
22,800
22,802
22,805
21,804
21,804
21,802
21,803
21,804
20,807
19,808
18,808
18,810
17,811
16,810
15,808
15,807
15,807
15,810
15,811
15,809
15,810
15,812
15,815
15,816
14,816
14,815
14,817
14,815
14,811
14,813
14,811
13,814
13,811
13,815
13,814
12,815
12,814
12,814
11,814
11,811
11,808
11,808
11,809
11,806
9,808
9,809
9,811
9,812
9,815
9,813
9,813
9,816
9,817
9,814
9,814
9,815
9,814
9,814
9,815
9,815
9,814
9,813
8,814
8,815
8,816
7,815
7,814
7,812
7,809
7,811
7,808
7,807
7,805
7,807
7,810
7,811
7,809
7,811
7,812
7,811
7,808
7,809
7,811
7,809
7,808
7,807
7,807
7,808
7,807
7,807
7,810
7,813
7,810
7,809
7,809
6,812
6,814
6,815
6,816
6,813
6,816
6,816
6,815
6,815
6,819
6,822
5,822
5,824
5,822
5,824
5,827
5,826
5,826
5,828
5,828
4,831
4,832
4,831
4,833
4,830
4,829
4,828
4,830
4,829
4,829
4,828
4,827
4,824
4,822
4,823
4,824
4,826
4,826
4,825
4,825
4,826
4,827
4,830
4,831
4,832
4,833
4,833
4,834
4,833
4,834
4,836
4,831
4,832
4,831
4,830
4,833
4,830
4,832
4,832
4,834
4,835
4,834
4,836
4,836
4,835
4,833
4,833
4,832
4,833
4,834
4,837
4,837
4,840
4,840
4,839
4,841
4,841
4,840
4,841
4,843
4,843
4,844
4,845
4,845
4,846
4,846
4,845
4,846
4,847
3,850
3,852
3,853
3,847
3,847
3,845
3,845
3,844
3,843
3,844
3,843
3,843
3,841
3,839
2,839
2,838
2,839
2,838
2,838
2,839
2,836
2,839
2,840
2,842
2,841
1,843
1,844
1,845
1,846
1,846
1,847
1,847
1,846
1,846
1,846
1,847
1,845
1,847
1,847
1,847
1,848
1,848
1,848
1,851
1,852
1,851
1,852
1,854
1,854
1,853
1,853
1,853
1,853
1,854
1,853
1,852
1,854
1,855
1,855
1,850
1,848
1,847
1,847
1,843
1,843
1,844
1,842
1,840
1,839
1,839
1,840
1,839
1,839
1,840
1,839
1,837
1,838
1,838
1,835
1,835
1,833
1,832
1,833
1,832
1,832
1,831
1,833
1,832
1,830
1,835
1,835
1,836
1,835
1,837
1,839
1,841
1,840
1,839
1,841
1,841
1,842
1,840
1,839
1,840
1,841
1,840
1,838
1,839
1,839
1,842
1,842
1,841
1,840
1,837
1,837
1,835
1,834
1,834
1,833
1,835
1,833
1,831
1,830
1,828
1,831
1,828
1,828
1,828
1,829
1,826
1,827
1,828
1,826
1,827
1,824
1,826
1,825
1,825
1,825
1,825
1,823
1,821
1,818
1,820
1,819
1,818
1,815
1,812
1,813
1,815
1,814
1,816
1,819
1,820
1,820
1,819
1,818
1,816
1,815
1,813
1,813
1,813
1,816
1,817
1,818
1,819
1,819
1,818
1,819
1,823
1,823
1,823
1,823
1,825
1,825
1,823
1,823
1,821
1,820
1,821
1,822
1,819
1,817
1,816
1,814
1,814
1,813
1,811
1,812
1,814
1,813
1,814
1,814
1,815
1,817
1,814
1,816
1,816
1,815
1,814
1,813
1,816
1,816
1,817
1,815
0,816
0,814
0,812
0,811
0,811
0,810
0,812
0,811
0,812
0,814
0,814
0,815
0,815
0,816
0,815
0,816
0,817
0,818
0,819
0,819
0,819
0,821
0,816
0,816
0,816
0,817
0,817
0,817
0,820
0,820
0,820
0,821
0,818
0,818
0,816
0,815
0,814
0,814
0,814
0,814
0,814
0,812
0,812
0,813
0,812
0,814
0,814
0,814
0,815
0,814
0,815
0,815
0,814
0,809
0,807
0,806
0,809
0,810
0,812
0,811
0,809
0,809
0,811
0,813
0,814
0,813
0,814
0,814
0,815
0,814
0,814
0,814
0,814
0,813
0,815
0,814
0,815
0,815
0,814
0,814
0,817
0,816
0,815
0,814
0,813
0,811
0,813
0,815
0,815
0,814
0,813
0,813
0,811
0,810
0,808
0,810
0,808
0,810
0,811
0,811
0,811
0,809
0,808
0,812
0,813
0,816
0,814
0,815
0,813
0,812
