50,150
50,155
50,160
50,165
48,170
48,178
47,180
47,185
47,188
46,193
46,198
46,199
46,205
46,209
45,216
45,221
45,226
45,231
44,235
44,239
43,242
41,250
39,255
39,258
38,262
38,261
38,264
38,270
38,273
38,276
38,278
38,279
37,281
36,282
36,287
35,294
35,297
33,298
33,303
32,304
32,308
31,307
31,309
31,311
31,317
31,320
29,322
29,323
29,327
28,332
28,333
28,336
27,342
27,346
27,351
26,358
26,361
25,359
25,362
24,370
24,373
22,377
22,375
22,378
21,380
21,380
21,384
21,384
21,386
21,391
20,389
19,392
17,396
16,400
16,401
15,403
15,408
15,407
15,409
15,413
15,412
14,413
14,415
14,417
14,418
14,421
13,425
13,428
13,433
13,437
13,436
13,435
13,438
13,440
13,446
13,448
13,452
13,452
13,453
13,452
13,452
13,454
12,457
12,455
12,461
12,460
12,465
12,468
12,470
12,470
12,472
11,478
11,479
10,480
10,480
10,485
10,484
10,492
10,492
10,491
10,489
10,493
10,492
10,496
10,494
10,498
10,499
10,497
10,497
10,505
10,506
10,506
10,508
10,513
10,517
9,521
9,524
9,529
9,531
9,534
9,537
9,539
9,542
8,542
8,546
8,548
8,547
8,544
8,544
8,545
8,547
8,552
8,552
8,554
8,557
7,559
7,559
7,563
7,565
7,563
7,564
7,561
7,565
7,564
7,563
7,562
7,562
7,563
7,568
7,570
7,573
7,575
6,575
6,576
5,580
5,577
5,580
5,578
5,578
5,575
5,580
5,579
5,578
5,580
5,578
5,581
5,581
5,583
5,586
5,589
5,589
5,592
5,595
5,594
5,590
5,589
5,586
4,583
4,583
4,583
4,580
4,582
4,584
4,583
4,584
4,587
4,588
4,588
4,589
4,594
4,591
4,595
4,596
3,593
3,596
3,596
3,595
3,592
3,594
3,595
3,597
3,595
3,595
3,593
3,592
3,593
3,593
3,596
3,598
3,600
3,601
3,604
3,604
3,605
3,604
3,603
3,605
3,606
3,607
3,607
3,609
3,613
3,612
3,614
3,613
3,615
3,617
3,619
3,620
3,618
3,619
3,620
3,621
3,622
3,621
3,619
3,620
3,621
3,620
3,623
3,623
3,624
3,629
3,629
3,629
3,633
3,634
3,635
3,636
3,636
3,637
3,638
3,639
3,639
3,640
3,640
3,644
3,639
3,640
2,639
2,637
2,640
2,641
2,643
1,640
1,638
1,639
1,636
1,636
1,637
1,638
1,639
1,639
1,640
1,636
1,635
1,633
1,631
1,633
1,634
1,633
1,632
1,630
1,630
1,631
1,631
1,634
1,634
1,634
1,634
1,633
1,634
1,633
1,633
1,633
1,634
1,632
1,632
1,629
1,628
1,624
1,620
1,618
1,619
1,618
1,620
1,618
1,617
1,618
1,618
1,616
1,618
1,619
1,618
1,619
1,620
1,622
1,623
1,624
1,625
1,625
1,625
1,626
1,627
1,627
1,625
1,624
1,624
1,625
1,624
1,625
1,626
1,627
1,626
1,626
1,626
1,628
1,629
1,635
1,631
1,631
1,630
1,628
1,627
1,626
1,624
1,625
1,620
1,621
1,618
1,614
1,610
1,608
1,607
1,607
1,606
1,604
1,604
1,602
1,601
1,602
1,602
1,605
1,606
1,608
1,608
1,610
1,614
1,612
1,613
1,615
1,613
1,612
1,610
1,609
1,610
1,612
1,613
1,612
1,611
1,609
1,608
1,612
1,615
1,617
1,617
1,620
1,618
1,620
1,621
1,620
1,622
1,619
1,619
1,618
1,615
1,617
1,614
1,612
1,610
1,609
1,609
1,608
1,613
1,613
1,614
1,617
1,615
1,616
1,618
1,616
1,617
1,620
1,616
1,611
1,610
1,608
1,609
1,605
1,606
1,608
1,611
1,611
1,608
1,608
1,604
1,606
1,607
1,607
1,606
1,607
1,603
1,603
1,603
1,597
1,599
1,600
1,600
1,599
1,603
1,602
1,602
1,600
0,600
0,602
0,602
0,604
0,602
0,604
0,601
0,597
0,600
0,602
0,598
0,596
0,592
0,595
0,596
0,596
0,600
0,599
0,599
0,598
0,598
0,598
0,596
0,596
0,597
0,592
0,593
0,593
0,596
0,599
0,596
0,596
0,597
0,597
0,597
0,596
0,599
0,601
0,600
0,601
0,598
0,598
0,596
0,597
0,595
0,597
0,598
0,597
0,599
0,598
0,602
0,601
0,602
0,605
0,602
0,601
0,603
0,603
0,600
0,599
0,600
0,594
0,591
0,589
0,587
0,587
0,585
0,585
0,586
0,585
0,585
0,582
0,585
0,585
0,584
0,583
0,582
0,584
0,585
0,586
0,587
0,588
0,587
0,587
0,589
0,591
0,592
0,588
0,582
0,583
0,582
0,581
0,580
0,579
0,576
0,574
0,573
0,571
0,571
0,568
0,569
0,566
0,567
0,567
0,568
0,569
0,568
0,564
0,563
0,563
0,562
0,563
0,559
0,558
0,557
0,555
0,555
0,554
0,554
0,551
0,554
0,550
0,550
0,548
0,545
0,545
0,549
0,550
0,549
0,549
0,543
0,545
0,547
0,549
0,546
0,550
0,556
0,559
0,559
0,560
0,557
0,552
0,555
0,557
0,558
0,558
0,559
0,555
0,556
0,558
0,561
0,562
0,564
0,566
0,565
0,563
0,561
0,557
0,557
0,556
0,557
0,556
0,557
0,555
0,552
0,554
0,551
0,552
0,554
0,552
0,553
0,553
0,554
0,550
0,552
0,550
0,548
0,551
0,547
0,548
0,550
0,552
0,548
0,550
0,552
0,552
0,548
0,547
0,546
0,546
0,543
0,546
0,549
0,547
0,542
0,544
0,544
0,546
0,550
0,547
0,548
0,548
0,548
0,547
0,547
0,547
0,546
0,546
0,543
0,543
0,542
0,539
0,537
0,540
0,537
0,538
0,536
0,534
0,531
0,530
0,531
0,527
0,526
0,521
0,521
0,522
0,524
0,523
0,521
0,524
0,525
0,526
0,525
0,527
0,526
0,527
0,524
0,521
0,520
0,520
0,518
0,516
0,518
0,515
0,515
0,516
0,516
0,518
0,520
0,520
0,521
0,522
0,520
0,519
0,522
0,523
0,522
0,524
0,523
0,525
0,522
0,523
0,526
0,531
0,530
0,529
0,532
0,529
0,533
0,533
0,532
0,534
0,535
0,534
0,533
0,535
0,535
0,532
0,529
0,530
0,532
0,532
0,531
0,533
0,533
0,533
0,535
0,539
0,541
0,542
0,543
0,542
0,541
0,542
0,540
0,543
0,543
0,544
0,542
0,540
0,541
0,541
0,540
0,535
0,535
0,527
0,529
0,531
0,532
0,534
0,531
0,530
0,531
0,528
0,528
0,524
0,526
0,524
0,524
0,523
0,524
0,523
0,522
0,527
0,530
0,530
0,531
0,530
0,532
0,530
0,530
0,528
0,530
0,533
0,532
0,531
0,531
0,532
