50,250
50,257
50,259
50,265
50,263
49,267
48,276
48,281
48,283
47,288
47,292
46,296
46,301
45,304
44,311
44,314
44,319
44,322
44,327
44,330
44,336
44,343
43,345
42,350
41,353
41,357
41,356
39,360
38,362
37,364
37,365
37,368
36,375
36,378
34,381
33,386
33,390
33,393
32,397
32,401
32,403
32,402
32,402
32,404
32,409
31,411
31,417
29,420
29,423
29,426
29,427
28,429
28,426
28,433
26,436
25,441
24,446
24,450
24,456
24,458
23,457
23,456
23,456
23,461
23,462
22,466
22,466
21,470
21,475
21,474
21,472
21,472
21,474
21,478
21,481
21,482
20,483
20,485
20,485
20,486
20,488
20,493
20,497
20,502
20,503
20,502
20,505
19,506
19,507
18,508
18,511
18,516
18,518
18,518
18,520
18,522
18,527
17,529
17,530
16,532
16,530
16,531
16,530
16,533
16,535
15,536
15,538
15,541
15,543
15,543
15,543
15,544
14,551
14,551
14,549
14,550
14,554
14,557
14,555
13,555
12,557
12,558
12,558
11,558
11,559
11,562
11,564
11,566
11,567
11,570
11,569
11,570
11,571
10,572
10,577
10,578
10,578
9,582
9,581
9,582
9,582
8,584
8,587
8,586
8,589
8,587
8,593
8,596
8,597
7,596
7,598
7,601
7,598
7,597
7,597
7,601
7,602
7,601
7,605
7,604
7,604
7,605
7,607
7,611
7,615
7,615
7,615
7,615
7,617
7,618
7,619
7,618
7,619
7,616
7,614
7,616
7,619
7,621
7,622
7,621
7,623
7,626
7,627
7,630
6,629
6,632
6,635
6,635
6,635
6,636
6,635
6,635
6,636
6,639
6,639
6,640
6,640
6,641
6,645
6,643
6,646
6,644
6,644
6,644
6,648
6,647
6,645
6,645
6,646
6,646
6,644
6,646
6,648
6,648
6,648
6,652
6,656
6,658
6,659
6,659
6,660
6,661
6,660
6,663
6,661
6,659
6,662
6,665
6,664
6,663
6,665
6,662
6,661
6,659
6,661
6,662
6,663
5,662
5,664
5,663
5,661
5,662
5,664
5,662
5,664
5,665
5,666
5,668
5,666
5,667
5,665
5,660
5,658
5,657
5,657
5,660
5,663
5,662
5,664
5,664
5,668
5,670
4,671
4,671
4,670
4,671
4,678
4,680
4,681
4,683
4,687
4,687
4,687
4,687
4,689
4,688
4,688
4,685
4,681
4,680
4,681
4,679
4,678
4,678
4,679
4,678
4,675
4,677
4,674
4,673
4,670
4,670
4,670
4,671
4,671
4,669
3,674
3,677
3,678
3,677
3,676
3,672
3,667
3,668
3,668
2,669
2,671
2,668
2,665
2,663
2,664
2,666
2,668
2,665
2,667
2,670
2,670
2,670
2,668
2,668
2,670
2,665
2,665
2,665
2,668
2,672
2,670
2,671
2,671
2,669
2,667
2,669
2,670
2,669
2,666
2,667
2,668
2,668
2,669
2,669
2,672
2,665
2,663
2,661
2,662
2,661
2,660
2,661
2,661
2,658
2,660
2,660
2,660
1,662
1,661
1,657
1,658
1,656
1,656
1,657
1,658
1,656
1,654
1,653
1,656
1,655
1,657
1,657
1,656
1,657
1,656
1,657
1,657
1,657
1,659
1,665
0,665
0,663
0,662
0,661
0,661
0,661
0,665
0,668
0,664
0,669
0,669
0,670
0,670
0,671
0,673
0,677
0,677
0,677
0,678
0,678
0,675
0,677
0,675
0,678
0,679
0,677
0,677
0,679
0,682
0,682
0,680
0,683
0,683
0,685
0,685
0,686
0,685
0,685
0,685
0,684
0,680
0,682
0,676
0,674
0,675
0,678
0,680
0,679
0,682
0,682
0,686
0,690
0,696
0,695
0,691
0,689
0,689
0,689
0,692
0,692
0,690
0,691
0,693
0,691
0,693
0,695
0,698
0,695
0,698
0,696
0,697
0,696
0,697
0,700
0,703
0,702
0,702
0,702
0,704
0,702
0,703
0,705
0,706
0,707
0,707
0,711
0,710
0,709
0,707
0,707
0,709
0,709
0,709
0,713
0,714
0,713
0,714
0,715
0,715
0,717
0,718
0,717
0,717
0,717
0,718
0,714
0,711
0,707
0,710
0,715
0,714
0,712
0,712
0,712
0,711
0,713
0,712
0,708
0,708
0,708
0,710
0,711
0,713
0,714
0,712
0,714
0,717
0,715
0,715
0,716
0,714
0,711
0,706
0,708
0,709
0,710
0,709
0,710
0,708
0,706
0,707
0,708
0,707
0,706
0,707
0,712
0,710
0,709
0,711
0,713
0,712
0,708
0,709
0,706
0,708
0,709
0,709
0,707
0,708
0,710
0,710
0,713
0,712
0,712
0,712
0,711
0,709
0,710
0,712
0,714
0,712
0,710
0,710
0,710
0,711
0,709
0,711
0,715
0,715
0,717
0,722
0,724
0,727
0,727
0,726
0,730
0,732
0,730
0,728
0,729
0,730
0,730
0,730
0,731
0,730
0,727
0,730
0,728
0,728
0,730
0,734
0,736
0,737
0,735
0,736
0,734
0,731
0,732
0,735
0,741
0,743
0,743
0,742
0,740
0,739
0,737
0,738
0,737
0,737
0,740
0,737
0,737
0,734
0,735
0,735
0,734
0,733
0,732
0,733
0,732
0,729
0,732
0,730
0,729
0,727
0,728
0,726
0,724
0,726
0,724
0,722
0,724
0,724
0,721
0,717
0,716
0,718
0,723
0,724
0,726
0,728
0,727
0,725
0,727
0,725
0,725
0,725
0,723
0,722
0,720
0,721
0,724
0,722
0,724
0,725
0,727
0,727
0,730
0,731
0,729
0,727
0,727
0,728
0,729
0,729
0,727
0,729
0,728
0,729
0,726
0,728
0,731
0,730
0,732
0,731
0,728
0,728
0,728
0,733
0,731
0,728
0,727
0,727
0,728
0,726
0,727
0,724
0,723
0,723
0,723
0,723
0,721
0,719
0,718
0,716
0,715
0,712
0,712
0,709
0,711
0,707
0,707
0,706
0,709
0,708
0,711
0,714
0,712
0,710
0,713
0,712
0,715
0,716
0,719
0,719
0,721
0,724
0,722
0,723
0,722
0,721
0,722
0,723
0,723
0,724
0,721
0,723
0,724
0,723
0,723
0,724
0,727
0,724
0,728
0,730
0,734
0,731
0,729
0,727
0,729
0,730
0,733
0,735
0,733
0,736
0,736
0,732
0,733
0,734
0,728
0,733
0,731
0,729
0,733
0,729
0,726
0,729
0,729
0,727
0,730
0,730
0,731
0,730
0,727
0,726
0,727
0,725
0,724
0,724
0,726
0,727
0,728
0,731
0,732
0,733
0,733
0,731
0,733
0,733
0,735
0,735
0,734
0,734
0,735
0,735
0,731
0,731
0,732
0,732
0,731
0,731
0,731
0,731
0,731
0,734
0,737
0,738
0,737
0,737
0,739
0,740
0,742
0,744
0,748
0,749
0,746
0,744
0,745
0,745
0,748
0,747
0,746
0,745
0,741
0,742
