50,350
50,357
49,364
48,368
47,375
47,378
47,385
45,389
44,393
44,401
44,403
43,406
43,406
43,408
43,410
42,412
42,414
42,419
41,426
41,431
40,436
39,442
39,444
39,446
39,448
39,454
39,459
38,462
38,463
37,466
37,468
37,472
37,474
36,476
36,477
36,482
35,488
35,488
35,489
35,491
35,496
35,499
35,501
34,504
33,511
33,512
33,515
32,520
32,522
32,524
31,528
31,535
31,538
31,543
31,546
31,548
31,551
31,556
31,555
31,555
31,559
31,562
31,565
31,566
31,568
30,569
28,570
27,576
27,579
26,579
26,584
26,589
26,590
25,589
25,589
25,591
24,591
24,593
24,594
24,600
23,604
23,605
23,607
22,613
22,615
22,617
22,620
22,621
22,624
21,626
21,628
21,627
21,628
21,630
21,630
21,631
21,634
21,636
20,640
20,641
19,641
19,644
19,645
19,648
19,653
18,652
18,654
18,659
18,661
18,663
18,665
18,671
18,670
18,670
18,673
18,675
18,677
18,675
18,678
18,677
17,674
17,676
17,677
17,677
17,677
17,679
17,678
17,682
17,682
17,683
17,684
17,686
17,686
17,684
17,685
17,686
17,688
17,692
17,692
17,691
17,695
17,698
17,698
15,701
15,703
15,705
15,703
15,706
15,707
15,709
15,708
15,709
15,709
14,710
14,708
14,710
14,711
14,716
14,714
14,713
14,716
14,719
13,716
13,715
13,717
12,718
12,716
12,717
12,720
12,720
12,722
12,725
12,726
12,728
12,729
12,728
11,727
11,729
11,730
11,730
11,731
10,729
10,728
10,730
10,730
10,733
10,732
10,735
10,735
10,734
10,737
10,735
10,738
10,738
10,737
10,738
10,739
10,735
10,736
9,736
9,738
9,742
8,746
8,747
8,746
7,745
7,747
7,747
7,747
7,749
7,749
7,751
6,752
6,749
5,752
5,754
5,757
5,756
5,754
5,753
5,753
5,754
5,753
5,754
5,754
5,753
5,755
5,756
5,759
5,757
5,756
5,753
5,754
4,758
4,757
4,756
4,758
4,756
4,753
4,751
4,752
4,754
4,755
4,750
4,747
4,745
4,747
4,744
4,740
4,741
4,743
4,740
4,740
4,740
4,742
4,744
4,746
4,747
4,752
3,753
3,752
3,748
2,748
2,749
2,750
2,749
2,746
2,746
2,748
2,745
2,747
2,747
2,752
2,752
2,751
2,750
2,752
2,755
2,757
2,753
2,755
2,754
2,752
2,754
2,752
2,754
2,754
2,755
2,756
2,754
2,752
1,748
1,751
1,749
1,747
1,750
1,749
1,748
1,750
1,751
1,747
1,748
1,747
1,746
1,743
1,742
1,744
1,748
1,747
1,748
1,748
1,749
1,747
1,748
1,747
1,749
1,747
1,749
1,750
1,752
1,754
1,753
1,754
1,756
1,755
1,756
1,756
1,756
1,758
1,759
1,763
1,762
1,760
1,760
1,762
1,763
1,762
1,760
1,762
1,765
1,767
1,762
1,765
1,768
1,769
1,766
1,766
1,767
1,764
1,766
1,765
1,765
1,764
1,765
1,766
1,768
1,768
1,769
1,772
1,774
1,779
1,777
1,777
1,776
0,776
0,777
0,778
0,780
0,780
0,780
0,782
0,781
0,779
0,779
0,779
0,778
0,779
0,776
0,774
0,776
0,775
0,772
0,773
0,774
0,776
0,776
0,772
0,774
0,774
0,776
0,776
0,777
0,777
0,777
0,777
0,779
0,779
0,777
0,776
0,777
0,778
0,781
0,781
0,778
0,780
0,778
0,777
0,775
0,776
0,775
0,771
0,773
0,772
0,776
0,775
0,778
0,778
0,779
0,778
0,779
0,777
0,777
0,779
0,776
0,778
0,778
0,778
0,779
0,780
0,780
0,781
0,786
0,790
0,787
0,786
0,787
0,790
0,790
0,791
0,791
0,790
0,790
0,789
0,790
0,793
0,796
0,794
0,795
0,794
0,793
0,793
0,793
0,796
0,797
0,796
0,798
0,799
0,801
0,801
0,800
0,802
0,802
0,806
0,803
0,801
0,802
0,800
0,799
0,798
0,799
0,797
0,796
0,798
0,795
0,796
0,797
0,797
0,797
0,796
0,797
0,797
0,798
0,797
0,797
0,798
0,798
0,797
0,799
0,798
0,798
0,800
0,801
0,807
0,805
0,804
0,803
0,802
0,804
0,803
0,803
0,803
0,803
0,806
0,805
0,805
0,805
0,806
0,806
0,806
0,808
0,805
0,803
0,802
0,801
0,805
0,807
0,808
0,808
0,805
0,804
0,804
0,803
0,801
0,802
0,802
0,804
0,802
0,799
0,800
0,799
0,797
0,798
0,799
0,800
0,799
0,802
0,801
0,802
0,800
0,801
0,799
0,797
0,799
0,798
0,792
0,791
0,793
0,794
0,796
0,792
0,791
0,788
0,788
0,788
0,787
0,785
0,783
0,780
0,776
0,777
0,779
0,779
0,782
0,782
0,785
0,787
0,786
0,786
0,786
0,787
0,788
0,790
0,790
0,791
0,790
0,788
0,787
0,786
0,786
0,784
0,785
0,781
0,780
0,783
0,782
0,781
0,782
0,783
0,780
0,778
0,777
0,777
0,776
0,776
0,774
0,775
0,776
0,774
0,773
0,775
0,774
0,776
0,775
0,772
0,774
0,775
0,774
0,772
0,770
0,769
0,767
0,767
0,764
0,761
0,758
0,760
0,763
0,764
0,766
0,763
0,763
0,761
0,761
0,761
0,762
0,761
0,761
0,759
0,758
0,760
0,760
0,762
0,758
0,760
0,765
0,766
0,766
0,768
0,769
0,767
0,767
0,768
0,765
0,765
0,766
0,767
0,768
0,768
0,766
0,768
0,768
0,770
0,771
0,771
0,768
0,768
0,767
0,769
0,770
0,768
0,770
0,768
0,766
0,766
0,764
0,764
0,762
0,763
0,765
0,766
0,766
0,766
0,767
0,766
0,765
0,766
0,769
0,769
0,769
0,771
0,774
0,772
0,772
0,774
0,776
0,778
0,777
0,777
0,776
0,777
0,777
0,779
0,779
0,781
0,782
0,780
0,778
0,777
0,780
0,778
0,779
0,781
0,778
0,779
0,777
0,775
0,774
0,776
0,776
0,777
0,776
0,779
0,778
0,780
0,780
0,781
0,782
0,784
0,783
0,782
0,780
0,781
0,782
0,782
0,783
0,784
0,785
0,781
0,781
0,781
0,779
0,782
0,782
0,782
0,782
0,780
0,783
0,783
0,782
0,785
0,785
0,781
0,781
0,782
0,784
0,786
0,786
0,784
0,782
0,779
0,779
0,780
0,781
0,783
0,783
0,781
0,782
0,785
0,786
0,789
0,789
0,792
0,790
0,788
0,786
0,785
0,784
0,783
0,780
0,781
0,782
0,781
0,779
0,777
0,777
0,776
0,777
0,777
0,775
0,774
0,777
0,776
0,775
0,776
0,777
0,779
0,782
0,784
0,786
0,785
0,788
0,789
0,790
0,791
0,792
0,791
0,790
0,789
0,790
0,790
0,788
