400,200
400,205
395,210
389,218
384,223
377,231
376,232
372,237
369,237
363,242
359,243
355,246
352,249
349,254
345,260
343,262
341,268
341,269
338,275
333,281
330,285
328,288
324,293
322,296
319,296
316,296
312,297
310,299
307,300
305,307
302,308
300,311
296,316
294,320
292,318
291,320
289,320
287,325
286,327
283,331
280,335
276,340
272,344
268,344
265,346
263,346
259,348
258,347
253,352
249,351
247,356
242,359
238,365
237,369
234,371
231,377
229,380
227,382
222,385
221,391
218,393
214,398
210,403
210,403
208,406
207,407
203,411
199,415
196,416
196,412
194,412
192,415
189,419
186,423
185,428
184,429
183,430
183,431
183,431
180,432
179,436
178,438
177,441
173,444
171,447
170,444
169,442
169,443
167,443
167,444
166,449
163,449
162,447
161,448
161,451
159,454
157,457
156,456
156,456
155,458
154,460
152,460
151,459
148,463
146,463
146,466
142,469
140,471
140,472
139,471
139,474
136,478
134,476
134,480
133,481
131,484
130,487
129,481
127,486
127,490
127,489
126,489
126,490
125,489
123,491
122,491
121,497
120,496
118,500
117,502
115,504
114,507
112,510
110,512
109,512
109,513
109,515
107,518
106,521
103,524
102,525
102,525
101,528
100,529
99,530
99,531
98,530
96,534
95,537
93,537
91,539
89,541
88,537
86,540
85,541
85,539
84,538
83,543
83,543
80,543
79,545
79,543
78,543
77,542
77,544
77,545
76,550
75,552
75,553
75,548
75,550
75,552
75,558
72,563
71,564
70,564
69,565
69,565
69,565
68,564
67,564
66,566
66,566
66,562
66,567
65,570
65,570
63,571
63,572
60,577
60,575
59,575
59,575
59,577
59,581
59,581
59,586
59,583
59,585
59,585
59,585
59,583
59,582
57,583
56,590
55,594
55,592
54,591
54,594
54,596
53,596
50,599
49,599
49,599
48,597
48,592
48,594
47,595
46,593
45,597
45,599
45,600
45,601
45,595
45,597
43,597
42,598
42,600
42,602
41,601
41,600
39,601
38,602
38,602
37,603
37,604
37,603
36,601
36,601
36,601
35,603
35,601
35,605
35,601
35,600
35,601
35,599
35,601
35,600
34,601
32,602
31,599
31,595
29,596
29,595
29,595
29,597
29,598
28,598
28,602
28,601
28,599
28,602
27,599
26,598
26,599
25,600
25,600
24,599
24,601
24,600
24,600
24,599
24,598
24,598
24,600
24,602
24,601
23,600
23,600
23,600
22,602
22,604
22,602
22,600
21,599
21,600
21,601
21,598
21,592
20,594
20,598
20,595
20,592
20,591
20,591
20,590
20,586
20,581
19,583
18,585
18,587
18,588
18,588
18,590
18,587
18,586
18,588
18,586
18,587
18,586
18,584
18,585
17,585
15,587
15,590
14,591
14,595
14,598
14,601
14,606
14,604
14,601
14,603
14,604
14,605
14,607
14,605
14,605
14,604
14,605
14,607
14,608
14,607
14,608
14,606
14,606
14,605
14,606
13,604
13,605
12,609
11,609
11,607
11,609
10,609
10,608
10,606
10,604
10,601
10,606
10,606
9,606
9,606
9,607
9,608
8,609
8,612
8,611
8,613
8,610
8,610
8,609
8,610
8,607
7,608
7,608
7,609
7,613
7,614
7,611
7,608
7,613
7,613
7,612
7,614
7,615
7,617
7,617
7,617
7,619
7,619
7,617
7,614
7,616
7,619
7,623
7,627
6,627
6,627
5,630
5,630
5,631
5,628
5,625
5,626
5,627
5,627
5,629
5,629
5,628
5,628
5,628
5,629
5,628
5,629
5,627
5,622
5,621
5,624
5,622
5,626
5,625
5,623
5,624
5,624
5,625
5,627
5,630
5,632
5,630
5,631
5,631
5,631
5,632
5,632
5,631
5,635
5,639
5,639
5,634
5,634
5,634
5,633
5,636
5,633
5,631
5,633
5,635
5,634
5,639
5,640
5,639
5,639
5,640
5,639
5,643
5,644
5,644
4,642
4,644
3,646
3,646
3,644
2,646
2,646
2,643
2,644
2,646
2,650
2,650
2,648
2,644
2,644
2,645
2,645
2,645
2,644
2,647
2,647
2,648
2,646
2,647
2,647
2,644
2,644
2,646
2,645
2,642
2,643
2,640
2,636
2,634
2,634
2,634
2,634
2,638
2,636
2,633
2,631
2,634
2,631
2,632
2,632
2,633
2,634
2,637
2,636
2,638
2,638
2,639
2,638
2,636
2,637
2,638
2,638
2,635
2,631
2,633
2,630
2,628
2,629
2,625
2,626
2,627
2,624
2,624
2,624
2,621
2,622
2,621
2,620
2,623
2,627
2,631
2,631
2,632
2,631
2,631
2,634
2,634
2,633
2,634
2,635
2,641
2,646
2,643
2,646
2,645
2,646
2,645
2,648
2,646
2,645
2,645
2,643
2,645
2,645
2,644
2,644
2,643
2,643
2,646
2,646
2,648
2,647
2,654
2,651
2,650
2,655
2,656
2,655
2,656
2,658
2,657
2,653
2,656
2,659
2,659
2,659
2,656
2,656
2,659
2,659
2,656
2,652
2,656
1,658
0,659
0,660
0,658
0,660
0,657
0,658
0,657
0,654
0,652
0,653
0,653
0,651
0,653
0,654
0,656
0,655
0,656
0,658
0,659
0,657
0,655
0,656
0,656
0,659
0,661
0,660
0,660
0,660
0,658
0,658
0,655
0,652
0,653
0,648
0,646
0,644
0,642
0,642
0,642
0,639
0,642
0,644
0,645
0,644
0,644
0,642
0,645
0,644
0,649
0,650
0,652
0,653
0,654
0,653
0,649
0,648
0,646
0,644
0,644
0,644
0,643
0,644
0,643
0,641
0,638
0,635
0,637
0,636
0,636
0,634
0,633
0,634
0,633
0,631
0,633
0,633
0,633
0,634
0,631
0,631
0,632
0,635
0,635
0,635
0,637
0,638
0,640
0,644
0,645
0,647
0,648
0,644
0,640
0,641
0,639
0,638
0,640
0,640
0,638
0,638
0,637
0,638
0,641
0,638
0,636
0,636
0,641
0,642
0,642
0,641
0,644
0,641
0,643
0,640
0,643
0,645
0,646
0,643
0,640
0,641
0,642
0,642
0,640
0,641
0,643
0,643
0,646
0,648
0,649
0,647
0,644
0,643
0,645
0,645
0,648
0,648
0,648
0,652
0,653
0,651
0,652
0,650
0,654
0,653
0,654
0,653
0,653
0,653
0,655
0,655
0,655
0,656
0,656
0,654
0,652
0,654
0,652
0,653
0,657
0,657
0,656
0,658
0,658
0,657
0,658
0,656
0,657
0,655
0,653
0,654
0,654
0,655
0,653
0,655
0,655
0,653
0,653
0,654
0,654
0,654
0,651
0,649
0,650
0,649
0,648
0,650
0,651
0,654
0,653
0,649
0,648
0,649
0,646
0,645
0,642
0,641
0,641
0,640
0,640
0,641
0,643
0,644
0,648
0,650
0,652
0,652
0,653
0,652
0,648
0,650
0,652
0,652
0,652
0,651
0,654
0,653
0,655
0,652
0,652
0,654
0,654
0,653
0,651
