900,50
900,56
892,58
882,65
874,71
864,75
856,80
847,88
840,92
830,96
820,104
812,107
804,111
796,113
787,116
779,120
771,125
764,126
758,129
753,130
745,132
737,135
730,142
723,146
716,150
707,157
702,160
696,162
689,167
684,167
676,171
670,175
663,180
654,188
646,190
642,192
636,198
630,201
621,207
615,207
609,207
601,209
594,210
588,209
580,210
574,214
567,215
563,220
554,224
550,229
546,232
545,234
538,239
533,242
529,244
523,249
519,248
514,248
508,250
504,254
498,256
494,260
488,261
480,264
477,263
473,264
469,266
464,269
458,273
451,277
447,276
444,274
441,277
438,279
434,280
428,285
424,287
421,287
415,289
410,289
402,295
398,299
392,300
389,305
386,303
381,308
380,305
378,309
375,312
369,314
363,317
357,323
354,325
350,331
347,334
345,336
341,337
337,338
334,343
329,348
326,352
321,353
318,359
315,362
313,359
312,361
311,362
308,364
305,362
304,361
303,365
300,364
298,364
292,365
290,365
287,366
283,371
280,374
277,373
272,378
267,380
265,384
264,385
263,387
259,392
255,391
252,394
251,395
247,395
243,398
239,402
238,400
237,400
235,402
232,403
230,405
227,410
227,411
226,414
224,414
220,412
220,415
217,419
215,421
212,423
211,424
208,426
206,424
205,426
203,433
202,433
200,433
195,438
195,436
193,440
192,439
190,441
190,443
190,443
188,444
188,445
186,443
184,445
182,442
181,443
178,443
177,442
175,444
173,447
171,449
170,450
167,451
165,454
163,452
162,455
162,456
161,453
161,452
160,454
160,453
160,456
159,458
158,461
155,462
153,464
151,467
149,469
148,469
147,471
144,472
140,476
140,474
138,469
137,471
137,469
134,471
131,473
130,471
129,471
128,470
128,468
126,467
124,468
123,466
123,465
121,466
121,463
118,466
118,466
118,467
118,464
115,465
115,466
115,465
115,467
115,467
115,469
114,466
114,466
114,465
112,467
111,467
110,467
108,466
107,466
106,467
106,469
106,463
106,463
106,463
105,465
104,462
103,465
103,467
101,472
101,471
101,474
100,476
99,476
98,480
97,480
96,482
95,478
95,478
92,480
92,481
90,477
89,478
88,482
88,482
88,479
87,479
86,478
85,477
85,475
84,476
84,474
83,475
82,476
82,477
79,473
79,470
79,469
77,467
75,467
75,465
73,467
71,464
70,468
69,473
68,475
68,476
68,472
68,468
67,470
67,469
66,467
66,469
65,470
65,475
64,473
63,472
62,475
62,476
60,477
56,480
56,476
56,473
56,469
56,470
56,466
56,464
56,462
55,460
55,460
54,459
54,457
54,457
53,459
53,457
53,453
50,456
49,460
48,461
47,462
47,465
46,466
45,465
44,465
44,462
44,462
43,463
42,461
40,465
39,463
38,460
36,459
35,460
35,463
35,461
35,461
34,462
33,464
33,466
32,468
32,467
32,468
32,470
32,473
32,472
32,474
31,474
30,476
30,476
28,479
28,475
28,476
28,478
26,479
25,477
25,478
25,479
24,478
24,479
24,480
24,479
24,477
24,476
24,474
24,473
24,473
24,469
24,469
24,475
24,476
24,474
24,475
24,475
24,473
23,472
22,473
22,474
22,469
22,472
20,470
20,467
20,467
20,469
20,470
20,469
20,472
20,469
20,474
20,475
20,475
20,471
20,470
19,472
18,474
18,474
18,474
18,475
18,477
17,478
17,480
17,484
17,486
15,487
15,486
15,484
15,487
15,483
15,481
15,478
15,479
15,476
15,474
15,475
14,475
14,472
14,467
14,464
14,467
14,464
13,464
12,465
12,467
11,467
10,464
10,466
10,466
10,467
10,465
10,469
10,464
10,461
10,456
9,457
9,457
9,458
9,457
9,458
9,456
9,453
9,448
9,449
9,451
9,453
9,456
9,455
9,455
9,453
9,454
9,457
9,454
9,453
9,453
9,451
9,451
9,449
9,451
9,454
9,456
8,450
8,451
8,450
8,451
8,447
8,450
8,444
8,447
8,446
8,447
7,448
7,451
7,450
7,453
7,455
7,455
7,456
6,458
6,459
6,459
6,459
6,461
6,460
6,461
5,463
5,466
5,469
5,469
5,467
5,465
5,463
5,463
5,465
5,465
5,468
5,469
5,466
5,463
5,458
5,460
5,460
5,462
5,461
5,459
5,460
5,465
5,463
5,462
5,462
5,460
5,461
5,457
5,458
5,457
5,456
5,456
5,454
5,456
5,456
5,458
5,460
5,462
4,461
4,462
4,461
4,457
4,457
4,458
4,453
4,457
4,453
4,455
4,458
4,460
4,456
4,457
3,457
3,456
3,457
3,457
3,460
3,463
3,463
3,458
3,459
3,459
3,456
3,458
3,456
3,459
3,460
3,464
3,464
3,462
3,464
3,460
3,458
3,456
3,451
3,451
3,452
3,452
3,451
3,449
3,448
3,446
2,444
2,445
2,442
2,444
2,445
2,450
2,455
2,453
2,453
2,452
2,451
1,447
1,444
1,443
1,439
1,443
1,445
1,446
1,448
1,446
1,446
1,443
1,442
1,445
1,444
1,445
1,448
1,447
1,448
1,449
1,451
1,448
1,447
1,448
1,442
1,443
1,440
1,440
1,437
1,439
1,442
1,440
1,439
1,440
1,441
1,442
1,439
1,436
1,436
1,433
1,433
1,429
1,431
1,432
1,432
1,432
1,433
1,435
1,433
1,429
1,434
1,434
1,434
1,434
1,434
1,430
1,433
1,432
1,430
1,429
1,431
1,431
1,429
1,426
1,424
1,426
1,426
1,427
1,423
1,422
1,426
1,427
1,425
1,428
1,423
1,422
1,419
1,419
1,417
1,417
1,415
1,412
1,411
1,406
1,405
1,404
1,405
1,406
1,406
1,408
1,404
1,405
1,405
1,410
1,409
1,405
1,404
1,401
1,400
1,399
1,397
1,400
1,400
1,401
1,400
1,396
1,398
1,399
1,400
1,401
1,402
1,405
1,403
1,402
1,403
1,402
1,399
1,400
1,401
1,404
1,407
1,409
1,409
1,408
1,407
1,407
1,409
1,409
1,405
1,404
1,406
1,410
1,413
1,413
1,415
1,414
1,415
1,415
1,414
1,415
1,418
1,422
1,419
1,418
1,416
1,419
1,418
1,417
1,414
1,414
1,413
1,413
1,413
1,412
1,413
1,414
1,413
1,414
1,411
1,414
1,416
1,415
1,414
1,410
1,408
1,408
1,410
1,405
1,405
1,404
1,402
1,400
1,400
1,405
1,404
1,404
1,406
1,405
1,407
1,405
1,407
1,409
1,406
1,405
1,406
1,406
1,404
1,399
1,399
1,401
1,399
1,397
1,397
1,395
1,390
1,395
1,393
1,388
1,390
1,393
1,397
1,399
1,399
1,401
1,401
1,400
1,403
1,405
1,406
1,408
1,406
1,403
1,401
1,402
1,404
1,406
1,406
1,406
1,405
1,408
1,408
1,410
1,405
1,404
1,400
1,403
1,402
1,399
1,399
0,396
0,395
0,395
0,395
0,394
0,395
0,396
0,397
0,396
0,399
0,399
0,400
0,400
