800,150
800,156
792,164
783,171
775,174
766,182
758,186
749,194
742,198
735,200
729,205
721,213
711,219
703,225
694,233
690,235
684,238
679,241
674,246
670,249
661,257
654,263
646,269
640,277
635,278
628,282
624,283
616,286
610,292
604,298
599,302
592,306
586,311
579,317
574,324
569,328
566,331
562,336
556,338
552,338
545,340
540,346
535,352
531,357
526,359
523,360
519,365
513,370
508,374
503,376
498,381
493,385
488,389
482,393
476,397
475,396
471,401
465,405
461,407
457,408
452,415
449,414
444,417
440,423
436,427
431,429
428,431
425,432
421,432
417,435
412,440
410,444
406,448
405,448
402,450
396,454
388,458
386,459
383,460
378,467
373,472
371,473
368,475
363,475
361,480
358,484
354,486
353,487
349,493
348,494
344,495
339,497
333,501
328,507
324,507
321,507
317,510
317,509
312,511
311,513
309,514
308,513
306,513
302,515
298,520
296,521
292,524
287,529
284,531
283,532
282,530
279,534
276,537
272,543
270,546
269,548
266,547
261,549
259,549
256,551
252,557
249,559
246,560
241,563
239,564
237,566
235,568
232,569
229,570
222,576
219,575
216,578
212,582
210,585
208,585
205,587
202,590
199,591
199,592
197,593
195,595
191,598
187,599
186,598
184,600
182,601
180,599
177,601
176,599
174,600
173,601
171,601
169,605
169,605
168,605
168,605
167,606
165,607
163,608
161,607
159,610
157,613
156,614
155,616
155,614
154,614
151,614
149,615
149,613
148,610
147,611
145,614
141,620
138,625
137,625
136,623
136,624
136,623
134,623
133,624
133,627
132,628
128,628
128,628
126,629
124,630
123,630
122,631
122,631
122,632
121,636
119,639
118,641
117,640
116,642
116,643
116,645
115,646
113,652
113,650
111,653
111,653
109,655
108,653
106,656
105,659
102,659
102,656
101,658
101,657
101,657
101,659
101,657
99,661
98,662
98,663
95,662
94,664
94,661
92,662
88,667
88,664
87,665
87,665
86,668
84,667
84,671
84,675
81,679
81,678
78,680
76,683
74,686
72,690
71,689
69,689
68,689
66,695
66,695
66,698
65,698
65,698
65,698
65,696
65,699
64,701
64,701
64,702
64,705
64,706
63,705
63,704
62,705
62,705
60,710
60,712
60,709
60,712
60,712
60,710
59,709
58,711
58,713
57,713
55,713
53,713
52,713
51,714
51,713
51,712
51,714
51,713
51,712
51,712
51,710
51,709
48,715
47,714
47,715
47,714
47,714
47,713
46,712
46,712
46,710
46,707
45,704
43,706
42,702
42,700
42,703
41,703
40,702
40,703
39,702
39,700
39,703
39,701
38,695
37,697
37,699
37,701
37,702
37,698
36,697
36,694
36,694
36,693
36,689
36,690
36,687
36,690
36,688
36,687
36,687
36,688
36,691
36,691
36,689
36,688
35,691
34,693
34,693
33,697
33,699
32,698
32,696
31,697
31,695
30,692
30,691
30,690
30,685
30,687
30,689
29,691
28,692
28,693
28,694
28,692
28,693
28,693
27,692
27,692
27,694
26,694
25,696
25,697
25,697
25,698
25,698
25,698
25,697
25,701
24,700
24,701
24,700
24,702
24,702
24,698
23,700
22,699
21,705
21,706
21,707
21,707
21,709
21,709
21,710
21,708
20,710
20,712
19,715
18,716
17,716
17,717
17,718
17,720
17,724
17,728
17,728
17,727
17,729
17,724
17,725
16,726
16,728
16,731
16,734
16,734
16,732
16,734
15,732
15,734
15,734
15,733
15,732
15,733
15,734
15,735
15,737
15,738
15,741
14,741
13,742
13,741
13,740
13,742
12,744
12,745
12,747
12,747
11,749
11,749
11,749
11,749
11,746
10,745
10,744
10,748
10,748
9,749
9,749
9,748
9,749
9,747
9,749
9,752
9,750
9,748
8,750
8,749
8,750
8,747
8,745
8,745
8,748
8,749
8,750
8,750
8,748
8,749
8,750
8,753
8,751
8,750
8,748
8,749
8,749
7,750
7,747
7,743
7,742
7,741
7,740
7,738
7,739
7,737
7,737
7,738
7,738
7,745
6,747
6,746
6,746
6,746
6,748
6,748
6,746
6,745
6,747
6,743
6,741
6,742
6,745
6,744
6,743
6,743
6,743
5,742
5,743
5,739
5,738
5,742
5,741
4,746
4,744
4,744
4,744
4,746
4,747
4,747
4,746
4,747
4,749
4,748
4,747
4,745
4,745
4,748
3,748
3,746
3,745
3,742
3,740
3,741
3,742
3,742
3,738
3,739
3,741
3,743
3,743
3,741
3,740
3,742
3,742
3,741
3,740
3,739
3,737
3,736
3,737
3,735
3,735
3,736
3,736
3,734
3,733
3,734
3,735
3,735
3,733
3,734
3,734
3,737
3,733
3,733
3,740
3,736
3,735
3,736
3,736
3,736
3,735
3,737
3,737
3,733
3,735
3,732
3,735
3,738
3,739
2,740
2,741
2,739
2,736
2,740
2,739
2,739
2,737
2,742
2,738
2,740
2,737
2,735
2,738
2,739
2,736
2,732
2,734
2,736
2,737
2,738
2,740
2,741
2,741
2,742
2,744
2,742
2,743
2,744
2,743
2,746
2,743
1,745
1,745
1,745
1,744
1,746
1,746
1,746
1,747
1,751
1,754
1,755
1,757
1,757
1,756
1,754
1,752
1,752
1,757
1,759
1,762
1,763
1,763
1,765
1,765
1,768
1,769
1,765
1,764
1,765
1,765
1,766
1,767
1,765
1,765
1,762
1,762
1,762
1,761
1,761
1,761
1,761
1,761
1,759
1,756
1,757
1,758
1,758
1,757
1,758
1,761
1,760
1,758
1,759
1,753
1,755
1,755
1,756
1,754
1,755
1,750
1,751
1,751
1,753
1,753
1,755
1,754
1,757
1,757
1,759
1,759
1,758
1,757
1,762
1,763
1,761
1,763
1,763
1,763
1,762
1,759
1,757
1,755
1,757
1,758
1,759
1,757
1,757
1,760
1,761
1,762
1,763
1,767
1,768
1,765
1,766
1,766
1,767
1,768
1,769
1,767
1,770
1,772
1,771
1,771
1,772
1,775
1,774
1,773
1,771
1,773
1,774
1,771
1,772
1,773
1,769
1,768
1,767
1,767
1,766
1,768
1,771
1,772
1,773
1,773
1,775
1,774
1,771
1,772
1,769
1,771
1,771
1,770
1,770
1,773
1,770
1,770
1,770
1,768
1,768
1,771
1,771
1,770
1,772
1,771
1,770
1,772
1,772
1,766
1,766
1,764
1,763
1,763
1,760
1,755
1,751
1,752
1,754
1,756
1,754
1,754
1,752
1,750
1,750
1,752
1,752
1,749
1,749
1,748
1,746
1,745
1,744
1,745
1,746
1,746
1,744
1,745
1,746
1,743
1,744
1,747
1,746
1,746
1,744
1,745
1,745
1,745
1,744
0,741
0,743
0,742
0,740
0,741
0,740
0,741
0,739
0,737
0,737
0,735
0,736
0,735
0,735
0,735
0,736
0,741
0,744
0,746
0,745
0,747
0,747
0,745
0,742
0,741
0,738
0,738
0,737
0,739
