700,250
700,257
693,261
687,266
682,270
674,277
666,284
660,292
651,300
644,305
638,312
631,318
626,320
623,322
619,326
612,332
605,338
601,343
595,347
588,353
584,356
577,363
571,368
569,369
566,373
560,377
554,384
548,391
541,398
536,400
531,406
526,413
519,420
514,425
508,429
503,433
497,437
493,441
485,449
480,455
474,462
469,466
463,471
460,473
455,477
450,482
444,487
438,492
434,495
431,498
426,504
422,508
418,511
414,515
410,517
405,521
401,525
396,531
391,536
386,541
382,543
379,547
373,554
368,560
364,562
361,563
357,567
355,567
351,569
347,571
344,576
340,580
336,584
330,591
328,593
328,594
324,596
321,600
319,600
317,603
313,607
309,613
306,616
302,621
299,624
298,625
294,631
290,637
286,638
283,641
278,646
274,650
272,651
268,655
268,655
263,661
258,667
256,669
251,673
246,678
246,677
243,680
243,683
241,682
238,686
238,688
237,688
235,690
233,694
228,696
224,699
220,704
218,702
216,702
212,706
211,704
209,707
208,707
208,709
204,711
203,713
201,716
200,717
200,718
200,718
199,719
195,722
194,723
192,725
190,724
187,726
186,726
186,727
186,724
185,726
185,724
183,727
183,727
182,728
178,731
176,733
175,733
171,737
170,736
169,739
168,740
167,743
163,747
162,749
159,753
156,756
154,758
151,762
151,762
151,763
148,766
145,769
145,767
145,766
145,765
143,766
141,769
139,774
138,773
135,776
134,778
130,782
129,782
128,783
128,785
126,787
125,788
125,789
123,790
123,790
122,791
122,790
121,791
119,790
119,790
119,791
119,793
119,791
116,796
116,794
116,794
116,795
115,796
115,794
114,795
111,797
109,800
108,801
107,803
106,802
105,805
104,806
103,807
103,809
101,811
99,813
97,815
95,818
94,819
94,818
93,819
93,819
93,820
93,822
92,825
92,824
91,825
89,828
89,829
87,833
86,833
84,836
84,835
82,837
80,840
79,841
78,843
77,845
76,847
74,849
74,847
73,847
68,851
65,852
65,852
64,854
64,854
64,854
60,858
58,860
58,858
58,858
57,858
57,857
57,857
57,858
57,858
57,857
57,857
56,858
56,859
55,860
55,859
54,858
54,857
54,859
54,858
53,856
53,856
53,858
53,859
53,858
53,858
52,858
52,856
51,857
51,856
50,857
49,859
49,859
48,861
47,861
47,861
46,861
46,862
44,865
44,864
43,865
43,868
42,869
42,868
41,870
41,870
41,872
41,872
41,873
40,874
40,873
39,874
38,877
37,878
37,877
35,877
35,875
35,875
35,875
34,875
33,877
32,880
32,879
32,881
32,882
32,883
32,881
32,878
31,878
31,877
30,877
29,879
28,878
26,879
26,879
26,879
26,879
25,881
25,880
25,880
25,881
25,882
25,880
25,879
24,880
24,882
23,884
23,883
23,881
23,882
22,884
22,884
22,885
22,888
22,890
22,891
22,893
22,893
20,895
20,893
20,892
20,892
20,891
20,892
20,891
20,891
20,891
20,890
20,890
20,892
19,891
19,892
17,893
17,892
17,892
17,891
17,892
17,891
17,892
16,894
15,896
14,898
14,898
14,898
14,899
14,901
14,900
14,901
14,902
14,903
14,903
14,902
13,903
12,903
12,905
11,905
11,905
11,905
11,906
11,907
11,906
11,905
11,906
11,906
11,910
11,908
11,909
10,910
10,908
10,907
10,909
10,908
10,908
10,908
10,909
10,909
10,909
10,909
10,910
10,910
10,910
10,909
10,910
9,910
9,909
9,909
9,909
9,911
8,911
8,910
7,912
7,911
7,909
7,907
7,907
6,907
6,908
6,910
6,910
6,908
6,909
6,909
6,910
6,911
6,914
6,914
6,915
6,915
6,916
6,917
6,918
6,918
6,919
6,918
6,919
6,917
6,917
5,918
5,920
5,921
5,921
5,923
5,924
5,923
5,923
5,924
5,923
4,925
4,925
4,926
4,926
4,927
4,931
4,929
4,927
4,927
4,928
4,928
4,926
4,927
4,927
4,927
4,926
4,926
4,924
4,923
4,924
4,924
4,925
4,925
4,925
4,923
4,922
4,921
4,921
4,918
4,917
4,916
4,917
4,915
4,913
4,911
4,912
4,912
4,911
4,911
4,910
4,909
4,909
4,911
4,910
4,910
4,911
4,908
4,908
4,909
4,908
4,908
4,908
4,908
4,908
4,908
4,907
4,907
4,906
4,907
4,907
4,907
3,909
3,907
3,905
3,907
3,906
3,906
3,908
3,908
3,908
3,908
3,912
3,915
3,915
3,915
3,917
3,917
3,916
3,915
3,915
3,914
3,915
3,916
3,919
3,918
3,920
3,921
3,923
3,923
3,924
3,925
3,925
3,926
3,926
3,926
3,926
3,926
3,926
3,925
3,927
3,926
3,925
3,925
3,924
3,924
3,923
3,922
3,923
3,924
3,923
3,922
3,923
2,923
2,923
2,923
2,924
2,925
2,926
2,926
2,927
2,928
2,931
2,931
2,932
2,933
2,934
2,934
2,934
2,934
2,934
2,934
2,934
2,933
2,933
2,935
2,935
2,934
2,935
2,934
2,934
2,935
2,934
2,933
2,934
2,932
2,931
2,930
2,931
2,930
2,929
2,930
2,930
2,931
2,930
2,930
2,929
2,929
2,929
2,927
2,927
2,928
2,928
2,929
2,930
2,931
2,931
2,931
2,930
2,930
2,930
2,930
2,929
2,929
2,929
2,929
2,930
2,930
1,932
1,932
1,932
1,932
1,933
1,931
1,931
1,931
1,931
1,933
1,934
1,935
1,934
1,932
1,932
1,931
1,931
1,931
1,931
1,930
1,930
1,930
1,930
1,930
1,930
1,930
1,930
1,929
1,928
1,929
1,930
1,930
1,930
1,931
1,931
1,932
1,932
1,932
1,931
1,932
1,930
1,931
1,930
1,931
1,930
1,929
1,929
1,929
1,930
1,929
1,930
1,931
1,932
1,929
1,929
1,928
1,927
1,928
1,929
1,930
1,930
1,930
1,930
1,930
1,931
1,932
1,933
1,934
1,932
0,932
0,932
0,932
0,931
0,932
0,931
0,933
0,933
0,932
0,933
0,931
0,931
0,931
0,931
0,931
0,931
0,930
0,929
0,926
0,926
0,926
0,926
0,925
0,925
0,923
0,923
0,921
0,922
0,924
0,925
0,926
0,926
0,924
0,926
0,926
0,927
0,925
0,924
0,924
0,925
0,925
0,925
0,928
0,927
0,926
0,927
0,927
0,928
0,928
0,927
0,927
0,927
0,928
0,928
0,928
0,925
0,926
0,924
0,924
0,924
0,923
0,923
0,923
0,924
0,926
0,925
0,923
0,922
0,923
0,924
0,924
0,924
0,924
0,924
0,923
0,923
0,924
0,925
0,923
0,924
0,923
0,922
0,922
0,921
0,921
0,921
0,921
0,920
0,920
0,920
0,920
0,922
0,923
0,924
0,923
0,924
0,924
0,923
0,924
0,925
0,924
0,924
0,924
0,925
0,926
0,923
0,923
0,927
0,928
0,929
0,929
0,929
0,929
0,929
0,929
0,928
