700,50
700,51
692,54
687,56
679,61
675,63
669,66
661,68
656,73
647,77
642,79
635,81
627,84
621,88
615,90
607,96
600,100
593,102
587,104
578,107
571,107
564,110
559,113
554,117
550,118
543,123
539,130
530,136
523,136
518,138
512,143
508,142
504,144
500,146
496,153
491,155
489,157
482,158
474,160
468,162
460,165
452,166
448,167
445,171
441,171
435,175
433,177
429,178
428,179
423,177
418,182
416,183
410,188
405,192
402,192
399,190
394,190
391,191
389,191
385,190
382,191
378,196
375,198
372,201
368,203
364,202
361,208
358,208
355,210
351,211
346,214
342,217
338,220
336,217
333,218
330,220
326,220
322,223
317,225
312,228
310,228
306,228
301,230
298,234
296,232
296,230
292,234
287,237
285,235
284,233
281,233
278,236
275,237
274,237
270,240
269,241
268,244
266,246
264,245
263,248
261,252
260,250
257,254
256,254
253,254
252,259
248,262
246,263
243,264
238,269
233,269
231,271
229,271
228,274
224,277
222,276
220,276
218,277
218,274
217,273
216,278
213,280
210,282
208,282
206,283
204,281
201,281
199,281
195,281
195,283
194,280
192,281
189,282
187,282
184,280
182,283
180,286
178,290
177,291
175,291
173,294
172,293
170,293
170,293
169,295
169,295
166,298
165,300
163,303
161,302
156,304
153,306
151,306
150,308
149,310
147,307
144,307
140,307
140,304
140,304
139,305
136,309
135,308
133,310
132,314
130,312
128,310
126,309
124,310
124,304
123,302
122,303
121,307
121,304
120,305
120,305
116,309
115,308
114,307
113,308
112,306
112,304
111,308
111,308
111,306
111,306
111,307
111,309
111,307
111,312
110,312
109,315
108,315
107,313
104,315
103,311
101,312
99,311
99,311
98,310
96,308
95,311
93,312
92,312
92,307
91,308
90,304
90,305
89,305
88,306
88,309
86,311
85,310
85,308
84,307
83,309
82,309
81,311
81,310
79,309
79,311
77,310
74,311
72,309
71,306
70,302
70,302
70,303
67,304
65,306
63,304
62,305
62,304
61,306
61,307
61,308
60,307
60,305
59,307
58,307
58,306
56,306
54,308
54,306
54,305
54,305
53,304
53,306
51,309
51,310
50,313
50,315
48,317
47,317
45,316
45,318
45,319
44,319
44,318
43,319
43,319
42,316
41,316
41,312
40,310
39,310
38,307
38,303
38,301
37,300
37,303
37,303
36,307
35,306
35,305
35,304
35,302
34,304
34,301
34,302
34,302
34,300
34,300
33,302
32,300
31,301
31,299
31,299
31,300
31,303
31,303
31,301
30,298
30,301
30,301
29,301
29,302
28,305
28,308
28,308
28,307
28,310
28,309
28,306
27,308
26,312
26,307
26,310
25,310
23,309
22,310
22,312
22,315
22,312
21,314
20,314
19,312
19,312
19,310
19,312
19,312
19,311
19,310
19,307
18,308
18,308
17,305
17,306
17,305
16,304
16,304
16,306
16,300
16,300
15,301
15,300
15,305
14,303
13,306
13,310
13,310
12,308
12,313
12,316
12,317
12,315
12,315
12,318
10,316
9,315
9,314
9,316
9,315
9,313
8,312
8,316
8,316
8,315
8,311
8,309
8,309
8,308
8,311
8,309
8,306
8,304
8,303
8,302
8,302
8,297
8,296
8,297
8,294
8,293
8,291
8,292
8,292
8,293
8,295
8,293
8,292
8,288
7,285
7,284
7,281
7,278
7,283
7,287
7,287
7,287
7,287
7,287
7,287
7,289
7,291
7,289
7,287
7,287
7,289
7,291
7,292
7,295
7,294
7,295
7,292
7,293
6,293
6,291
6,290
6,289
5,291
4,294
4,291
4,291
4,294
4,292
4,292
4,291
4,290
4,289
4,290
4,295
4,295
3,293
3,292
3,289
3,289
3,290
3,289
3,290
3,288
3,289
3,293
3,287
3,286
3,284
3,285
3,286
3,286
2,287
2,288
2,288
2,288
2,290
2,293
2,294
2,295
2,294
2,290
2,289
2,290
2,288
2,292
2,295
2,291
2,290
2,292
2,293
2,293
2,295
2,296
2,294
2,296
2,297
2,293
2,293
2,293
2,292
2,288
2,286
2,287
2,289
2,288
2,286
2,286
2,286
2,286
2,289
2,288
2,289
2,288
2,289
2,287
2,286
2,286
2,284
2,286
2,288
2,290
2,292
2,291
2,290
2,290
2,287
2,286
2,285
2,286
2,285
2,287
2,287
2,287
2,286
2,286
2,285
2,283
2,284
2,285
2,281
2,282
2,284
2,282
2,282
2,285
2,283
2,285
2,281
2,284
2,282
2,279
1,281
1,282
1,282
1,278
1,281
1,278
1,278
1,277
0,278
0,275
0,276
0,275
0,273
0,273
0,273
0,272
0,272
0,276
0,277
0,279
0,278
0,281
0,283
0,281
0,281
0,278
0,278
0,276
0,278
0,281
0,279
0,276
0,277
0,276
0,278
0,279
0,278
0,279
0,280
0,280
0,277
0,277
0,278
0,279
0,281
0,280
0,280
0,282
0,283
0,280
0,282
0,283
0,283
0,284
0,283
0,285
0,285
0,282
0,281
0,279
0,280
0,282
0,285
0,282
0,284
0,285
0,286
0,286
0,283
0,278
0,279
0,279
0,275
0,275
0,275
0,278
0,280
0,279
0,280
0,279
0,280
0,281
0,278
0,283
0,281
0,282
0,284
0,287
0,287
0,289
0,285
0,284
0,283
0,286
0,283
0,281
0,280
0,279
0,276
0,276
0,272
0,272
0,271
0,272
0,275
0,276
0,272
0,272
0,274
0,276
0,274
0,275
0,277
0,273
0,273
0,272
0,273
0,270
0,269
0,268
0,272
0,270
0,271
0,272
0,271
0,270
0,271
0,270
0,268
0,267
0,269
0,267
0,263
0,265
0,264
0,267
0,270
0,270
0,271
0,272
0,274
0,274
0,274
0,275
0,273
0,272
0,275
0,273
0,277
0,278
0,277
0,278
0,278
0,277
0,274
0,273
0,273
0,276
0,277
0,277
0,276
0,274
0,273
0,269
0,267
0,268
0,270
0,269
0,270
0,268
0,269
0,267
0,272
0,270
0,269
0,272
0,273
0,274
0,273
0,272
0,271
0,270
0,267
0,268
0,270
0,270
0,269
0,269
0,267
0,270
0,271
0,272
0,274
0,275
0,270
0,270
0,271
0,270
0,270
0,271
0,272
0,268
0,265
0,264
0,262
0,263
0,261
0,262
0,264
0,267
0,263
0,267
0,268
0,270
0,267
0,267
0,269
0,268
0,269
0,272
0,272
0,270
0,273
0,271
0,271
0,270
0,273
0,270
0,273
0,276
0,278
0,277
0,275
0,275
0,275
0,274
0,274
0,274
0,276
0,278
0,280
0,281
0,277
0,279
0,278
0,279
0,279
0,278
0,276
0,276
0,275
0,275
0,272
0,271
0,275
0,274
0,277
0,277
0,275
0,276
0,271
0,268
0,267
0,268
0,269
0,269
0,263
0,267
0,268
0,266
0,267
0,269
0,269
0,269
0,270
0,272
0,272
0,273
0,272
0,275
0,275
0,276
