50000
((0 0 0 2 0 0 1 0 2 0) . 39)
((0 0 0 1 0 0 1 0 2 0) . 33)
((0 0 0 0 0 0 1 0 2 0) . 28)
49900
((0 0 0 1 0 0 1 0 2 0) . 100)
49800
((0 0 0 1 0 0 1 0 2 0) . 100)
49700
((0 0 0 1 0 0 1 0 2 0) . 100)
49600
((0 0 0 1 0 0 1 0 2 0) . 100)
49500
((0 0 0 1 0 0 1 0 2 0) . 100)
49400
((0 0 0 1 0 0 1 0 2 0) . 100)
49300
((0 0 0 1 0 0 1 0 2 0) . 100)
49200
((0 0 0 1 0 0 1 0 2 0) . 100)
49100
((0 0 0 1 0 0 1 0 2 0) . 100)
49000
((0 0 0 1 0 0 1 0 2 0) . 100)
48900
((0 0 0 1 0 0 1 0 2 0) . 100)
48800
((0 0 0 1 0 0 1 0 2 0) . 94)
((0 0 0 1 0 1 1 0 2 0 1 2 0 0 1 0 2 1) . 6)
48700
((0 0 0 1 0 0 1 0 2 0) . 100)
48600
((0 0 0 1 0 0 1 0 2 0) . 100)
48500
((0 0 0 1 0 0 1 0 2 0) . 100)
48400
((0 0 0 1 0 0 1 0 2 0) . 100)
48300
((0 0 0 1 0 0 1 0 2 0) . 100)
48200
((0 0 0 1 0 0 1 0 2 0) . 100)
48100
((0 0 0 1 0 0 1 0 2 0) . 99)
((0 0 0 1 0 0 1 0 2 1 1 1 0 0 1 1 2 0) . 1)
48000
((0 0 0 1 0 0 1 0 2 0) . 100)
47900
((0 0 0 1 0 0 1 0 2 0) . 100)
47800
((0 0 0 1 0 0 1 0 2 0) . 100)
47700
((0 0 0 1 0 0 1 0 2 0) . 99)
((0 0 0 2 0 0 1 0 2 0) . 1)
47600
((0 0 0 1 0 0 1 0 2 0) . 100)
47500
((0 0 0 1 0 0 1 0 2 0) . 99)
((0 0 0 1 0 0 1 0 2 1 1 1 0 1 1 1 2 0) . 1)
47400
((0 0 0 1 0 0 1 0 2 0) . 99)
((0 0 0 2 0 0 1 0 2 0) . 1)
47300
((0 0 0 1 0 0 1 0 2 0) . 97)
((0 0 0 1 0 1 1 0 2 0 1 1 0 0 1 0 2 1) . 3)
47200
((0 0 0 1 0 0 1 0 2 0) . 95)
((0 0 0 1 0 0 1 0 2 1 1 1 0 1 1 1 2 0) . 5)
47100
((0 0 0 1 0 0 1 0 2 0) . 100)
47000
((0 0 0 1 0 0 1 0 2 0) . 100)
46900
((0 0 0 1 0 0 1 0 2 0) . 100)
46800
((0 0 0 1 0 0 1 0 2 0) . 97)
((0 0 0 1 0 0 1 0 2 1 1 0 0 1 1 1 2 0) . 3)
46700
((0 0 0 1 0 0 1 0 2 0) . 100)
46600
((0 0 0 1 0 0 1 0 2 0) . 100)
46500
((0 0 0 1 0 0 1 0 2 0) . 100)
46400
((0 0 0 1 0 0 1 0 2 0) . 100)
46300
((0 0 0 1 0 0 1 0 2 0) . 100)
46200
((0 0 0 1 0 0 1 0 2 0) . 99)
((0 0 0 1 0 1 1 0 2 0 1 2 0 0 1 0 2 0) . 1)
46100
((0 0 0 1 0 0 1 0 2 0) . 100)
46000
((0 0 0 1 0 0 1 0 2 0) . 100)
45900
((0 0 0 1 0 0 1 0 2 0) . 100)
45800
((0 0 0 1 0 0 1 0 2 0) . 97)
((0 0 0 1 0 0 1 0 2 1 1 2 0 0 1 1 2 1) . 3)
45700
((0 0 0 1 0 0 1 0 2 0) . 95)
((0 0 0 1 0 0 1 0 2 1 1 1 0 0 1 0 2 0) . 3)
((0 0 0 1 0 0 1 0 2 1 1 0 0 1 1 1 2 1) . 2)
45600
((0 0 0 1 0 0 1 0 2 0) . 86)
((0 0 0 1 0 1 1 0 2 0 1 2 0 0 1 1 2 1) . 10)
((0 0 0 1 0 1 1 0 2 0 1 0 0 1 1 0 2 0) . 4)
45500
((0 0 0 1 0 0 1 0 2 0) . 100)
45400
((0 0 0 1 0 0 1 0 2 0) . 100)
45300
((0 0 0 1 0 0 1 0 2 0) . 100)
45200
((0 0 0 1 0 0 1 0 2 0) . 92)
((0 0 0 1 0 0 1 0 2 1 1 1 0 1 1 1 2 0) . 8)
45100
((0 0 0 1 0 0 1 0 2 0) . 73)
((0 0 0 1 0 0 1 0 2 1 1 1 0 1 1 1 2 0) . 27)
45000
((0 0 0 1 0 0 1 0 2 0) . 73)
((0 0 0 1 0 0 1 0 2 1 1 1 0 1 1 1 2 0) . 27)
44900
((0 0 0 1 0 0 1 0 2 0) . 75)
((0 0 0 1 0 0 1 0 2 1 1 1 0 1 1 1 2 0) . 25)
44800
((0 0 0 1 0 0 1 0 2 0) . 53)
((0 0 0 1 0 0 1 0 2 1 1 1 0 1 1 1 2 0) . 41)
((0 0 0 1 0 1 1 1 2 1 1 1 0 1 1 1 2 1) . 4)
((0 0 0 1 0 1 1 0 2 0 1 1 0 0 1 0 2 0) . 2)
44700
((0 0 0 1 0 0 1 0 2 0) . 96)
((0 0 0 1 0 0 1 0 2 1 1 1 0 1 1 1 2 0) . 4)
44600
((0 0 0 1 0 0 1 0 2 0) . 65)
((0 0 0 1 0 0 1 0 2 1 1 1 0 1 1 1 2 0) . 33)
((0 0 0 1 0 0 1 0 2 1 1 0 0 0 1 0 2 0) . 2)
44500
((0 0 0 1 0 0 1 0 2 0) . 60)
((0 0 0 1 0 0 1 0 2 1 1 1 0 1 1 1 2 0) . 39)
((0 0 0 0 0 0 1 0 2 0) . 1)
44400
((0 0 0 1 0 0 1 0 2 0) . 80)
((0 0 0 1 0 0 1 0 2 1 1 1 0 1 1 1 2 0) . 20)
44300
((0 0 0 1 0 0 1 0 2 0) . 76)
((0 0 0 1 0 0 1 0 2 1 1 1 0 1 1 1 2 0) . 19)
((0 0 0 1 0 0 1 0 2 1 1 2 0 1 1 1 2 1) . 5)
44200
((0 0 0 1 0 0 1 0 2 0) . 82)
((0 0 0 1 0 0 1 0 2 1 1 2 0 1 1 1 2 1) . 11)
((0 0 0 1 0 0 1 0 2 1 1 1 0 1 1 1 2 0) . 7)
44100
((0 0 0 1 0 0 1 0 2 0) . 98)
((0 0 0 1 0 0 1 0 2 1 1 0 0 0 1 1 2 1) . 1)
((0 0 0 1 0 0 1 0 2 1 1 2 0 1 1 1 2 1) . 1)
44000
((0 0 0 1 0 0 1 0 2 0) . 100)
43900
((0 0 0 1 0 0 1 0 2 0) . 100)
43800
((0 0 0 1 0 0 1 0 2 0) . 100)
43700
((0 0 0 1 0 0 1 0 2 0) . 100)
43600
((0 0 0 1 0 0 1 0 2 0) . 100)
43500
((0 0 0 1 0 0 1 0 2 0) . 100)
43400
((0 0 0 1 0 0 1 0 2 0) . 100)
43300
((0 0 0 1 0 0 1 0 2 0) . 100)
43200
((0 0 0 1 0 0 1 0 2 0) . 92)
((0 0 0 1 0 0 1 0 2 1 1 2 0 0 1 1 2 0) . 7)
((0 0 0 0 0 0 1 0 2 0) . 1)
43100
((0 0 0 1 0 0 1 0 2 0) . 100)
43000
((0 0 0 1 0 0 1 0 2 0) . 100)
42900
((0 0 0 1 0 0 1 0 2 0) . 100)
42800
((0 0 0 1 0 0 1 0 2 0) . 100)
42700
((0 0 0 1 0 0 1 0 2 0) . 100)
42600
((0 0 0 1 0 0 1 0 2 0) . 100)
42500
((0 0 0 1 0 0 1 0 2 0) . 100)
42400
((0 0 0 1 0 0 1 0 2 0) . 100)
42300
((0 0 0 1 0 0 1 0 2 0) . 100)
42200
((0 0 0 1 0 0 1 0 2 0) . 100)
42100
((0 0 0 1 0 0 1 0 2 0) . 100)
42000
((0 0 0 1 0 0 1 0 2 0) . 100)
41900
((0 0 0 1 0 0 1 0 2 0) . 100)
41800
((0 0 0 1 0 0 1 0 2 0) . 96)
((0 0 0 1 0 1 1 0 2 0 1 0 0 1 1 0 2 1) . 4)
41700
((0 0 0 1 0 0 1 0 2 0) . 80)
((0 0 0 1 0 1 1 0 2 0 1 0 0 1 1 0 2 1) . 20)
41600
((0 0 0 1 0 0 1 0 2 0) . 78)
((0 0 0 1 0 1 1 0 2 0 1 0 0 1 1 0 2 1) . 22)
41500
((0 0 0 1 0 0 1 0 2 0) . 85)
((0 0 0 1 0 1 1 0 2 0 1 0 0 1 1 0 2 1) . 14)
((0 0 0 1 0 0 1 0 2 0 1 0 0 0 1 0 2 0) . 1)
41400
((0 0 0 1 0 0 1 0 2 0) . 68)
((0 0 0 1 0 1 1 0 2 0 1 0 0 1 1 0 2 1) . 29)
((0 0 0 1 0 0 1 0 2 1 1 2 0 0 1 1 2 1) . 3)
41300
((0 0 0 1 0 0 1 0 2 0) . 72)
((0 0 0 1 0 1 1 0 2 0 1 0 0 1 1 0 2 1) . 28)
41200
((0 0 0 1 0 0 1 0 2 0) . 79)
((0 0 0 1 0 1 1 0 2 0 1 0 0 1 1 0 2 1) . 21)
41100
((0 0 0 1 0 1 1 0 2 0 1 0 0 1 1 0 2 1) . 55)
((0 0 0 1 0 0 1 0 2 0) . 43)
((0 0 0 1 0 0 1 0 2 1 1 2 0 0 1 1 2 0) . 1)
((0 0 0 1 0 1 1 1 2 1 1 2 0 1 1 1 2 1) . 1)
41000
((0 0 0 1 0 1 1 0 2 0 1 0 0 1 1 0 2 1) . 80)
((0 0 0 1 0 0 1 0 2 0) . 20)
40900
((0 0 0 1 0 1 1 0 2 0 1 0 0 1 1 0 2 1) . 73)
((0 0 0 1 0 0 1 0 2 0) . 22)
((0 0 0 1 0 1 1 0 2 0 1 0 0 2 1 0 2 1 2 2 0 0 1 2 2 2) . 3)
((0 0 0 1 0 1 1 2 2 0 1 0 0 1 1 0 2 1 2 1 0 1 1 0 2 0) . 2)
40800
((0 0 0 1 0 1 1 0 2 0 1 0 0 1 1 0 2 1) . 80)
((0 0 0 1 0 1 1 0 2 0 1 0 0 2 1 0 2 1 2 2 0 0 1 2 2 2) . 13)
((0 0 0 1 0 1 1 2 2 0 1 0 0 1 1 0 2 1 2 1 0 1 1 0 2 0) . 3)
((0 0 0 1 0 0 1 0 2 0) . 3)
((0 0 0 2 0 0 1 0 2 0) . 1)
40700
((0 0 0 1 0 1 1 0 2 0 1 0 0 1 1 0 2 1) . 74)
((0 0 0 1 0 1 1 0 2 0 1 0 0 2 1 0 2 1 2 2 0 0 1 2 2 2) . 16)
((0 0 0 1 0 0 1 0 2 0) . 10)
40600
((0 0 0 1 0 1 1 0 2 0 1 0 0 1 1 0 2 1) . 100)
40500
((0 0 0 1 0 1 1 0 2 0 1 0 0 1 1 0 2 1) . 100)
40400
((0 0 0 1 0 1 1 0 2 0 1 0 0 1 1 0 2 1) . 100)
40300
((0 0 0 1 0 1 1 0 2 0 1 0 0 1 1 0 2 1) . 100)
40200
((0 0 0 1 0 1 1 0 2 0 1 0 0 1 1 0 2 1) . 99)
((0 0 0 1 0 0 1 0 2 0 1 0 0 0 1 0 2 0) . 1)
40100
((0 0 0 1 0 1 1 0 2 0 1 0 0 1 1 0 2 1) . 100)
40000
((0 0 0 1 0 1 1 0 2 0 1 0 0 1 1 0 2 1) . 100)
39900
((0 0 0 1 0 1 1 0 2 0 1 0 0 1 1 0 2 1) . 100)
39800
((0 0 0 1 0 1 1 0 2 0 1 0 0 1 1 0 2 1) . 100)
39700
((0 0 0 1 0 1 1 0 2 0 1 0 0 1 1 0 2 1) . 98)
((0 0 0 1 0 1 1 0 2 0 1 0 0 1 1 2 2 1 2 0 0 2 1 2 2 2) . 2)
39600
((0 0 0 1 0 1 1 0 2 0 1 0 0 1 1 0 2 1) . 89)
((0 0 0 1 0 1 1 0 2 0 1 0 0 1 1 2 2 1 2 0 0 2 1 2 2 2) . 11)
39500
((0 0 0 1 0 1 1 0 2 0 1 0 0 1 1 0 2 1) . 99)
((0 0 0 1 0 0 1 0 2 0 1 0 0 0 1 0 2 0) . 1)
39400
((0 0 0 1 0 1 1 0 2 0 1 0 0 1 1 0 2 1) . 73)
((0 0 0 1 0 0 1 0 2 0 1 0 0 0 1 0 2 0) . 27)
39300
((0 0 0 1 0 1 1 0 2 0 1 0 0 1 1 0 2 1) . 100)
39200
((0 0 0 1 0 1 1 0 2 0 1 0 0 1 1 0 2 1) . 100)
39100
((0 0 0 1 0 1 1 0 2 0 1 0 0 1 1 0 2 1) . 96)
((0 0 0 1 0 1 1 0 2 0 1 0 0 2 1 0 2 1 2 1 0 0 1 2 2 1) . 4)
39000
((0 0 0 1 0 1 1 0 2 0 1 0 0 1 1 0 2 1) . 100)
38900
((0 0 0 1 0 1 1 0 2 0 1 0 0 1 1 0 2 1) . 100)
38800
((0 0 0 1 0 1 1 0 2 0 1 0 0 1 1 0 2 1) . 100)
38700
((0 0 0 1 0 1 1 0 2 0 1 0 0 1 1 0 2 1) . 100)
38600
((0 0 0 1 0 1 1 0 2 0 1 0 0 1 1 0 2 1) . 98)
((0 0 0 1 0 1 1 1 2 1 1 0 0 1 1 1 2 1) . 2)
38500
((0 0 0 1 0 1 1 0 2 0 1 0 0 1 1 0 2 1) . 100)
38400
((0 0 0 1 0 1 1 0 2 0 1 0 0 1 1 0 2 1) . 98)
((0 0 0 0 0 1 1 0 2 0 1 0 0 1 1 0 2 1) . 1)
((0 0 0 1 0 1 1 1 2 1 1 0 0 1 1 1 2 1) . 1)
38300
((0 0 0 1 0 1 1 0 2 0 1 0 0 1 1 0 2 1) . 100)
38200
((0 0 0 1 0 1 1 0 2 0 1 0 0 1 1 0 2 1) . 94)
((0 0 0 1 0 1 1 0 2 0 1 0 0 2 1 0 2 1 2 2 0 0 1 1 2 0) . 6)
38100
((0 0 0 1 0 1 1 0 2 0 1 0 0 1 1 0 2 1) . 100)
38000
((0 0 0 1 0 1 1 0 2 0 1 0 0 1 1 0 2 1) . 100)
37900
((0 0 0 1 0 1 1 0 2 0 1 0 0 1 1 0 2 1) . 86)
((0 0 0 1 0 1 1 0 2 0 1 2 0 1 1 0 2 1) . 14)
37800
((0 0 0 1 0 1 1 0 2 0 1 0 0 1 1 0 2 1) . 87)
((0 0 0 1 0 1 1 0 2 0 1 2 0 1 1 0 2 1) . 13)
37700
((0 0 0 1 0 1 1 0 2 0 1 0 0 1 1 0 2 1) . 99)
((0 0 0 1 0 1 1 1 2 1 1 0 0 1 1 1 2 1) . 1)
37600
((0 0 0 1 0 1 1 0 2 0 1 0 0 1 1 0 2 1) . 100)
37500
((0 0 0 1 0 1 1 0 2 0 1 0 0 1 1 0 2 1) . 100)
37400
((0 0 0 1 0 1 1 0 2 0 1 0 0 1 1 0 2 1) . 100)
37300
((0 0 0 1 0 1 1 0 2 0 1 0 0 1 1 0 2 1) . 100)
37200
((0 0 0 1 0 1 1 0 2 0 1 0 0 1 1 0 2 1) . 99)
((0 0 0 1 0 0 1 0 2 0 1 0 0 0 1 0 2 0) . 1)
37100
((0 0 0 1 0 1 1 0 2 0 1 0 0 1 1 0 2 1) . 100)
37000
((0 0 0 1 0 1 1 0 2 0 1 0 0 1 1 0 2 1) . 86)
((0 0 0 1 0 0 1 0 2 0 1 0 0 0 1 0 2 0) . 13)
((0 0 0 1 0 1 1 0 2 0 1 0 0 2 1 0 2 1 2 0 0 1 1 2 2 2) . 1)
36900
((0 0 0 1 0 1 1 0 2 0 1 0 0 1 1 0 2 1) . 95)
((0 0 0 1 0 0 1 0 2 0 1 0 0 0 1 0 2 0) . 5)
36800
((0 0 0 1 0 1 1 0 2 0 1 0 0 1 1 0 2 1) . 97)
((0 1 0 1 0 1 1 0 2 0 1 0 0 1 1 0 2 1) . 2)
((0 0 0 1 0 0 1 0 2 0 1 0 0 0 1 0 2 0) . 1)
36700
((0 0 0 1 0 1 1 0 2 0 1 0 0 1 1 0 2 1) . 100)
36600
((0 0 0 1 0 1 1 0 2 0 1 0 0 1 1 0 2 1) . 100)
36500
((0 0 0 1 0 1 1 0 2 0 1 0 0 1 1 0 2 1) . 95)
((0 0 0 1 0 1 1 0 2 0 1 1 0 1 1 0 2 1) . 3)
((0 0 0 1 0 1 1 0 2 0 1 0 0 2 1 0 2 1 2 0 0 1 1 1 2 2) . 2)
36400
((0 0 0 1 0 1 1 0 2 0 1 0 0 1 1 0 2 1) . 100)
36300
((0 0 0 1 0 1 1 0 2 0 1 0 0 1 1 0 2 1) . 98)
((0 0 0 1 0 1 1 0 2 2 1 0 0 1 1 0 2 1 2 2 0 2 1 1 2 0) . 1)
((0 0 0 1 0 1 1 0 2 0 1 0 0 2 1 0 2 1 2 1 0 0 1 1 2 0) . 1)
36200
((0 0 0 1 0 1 1 0 2 0 1 0 0 1 1 0 2 1) . 98)
((0 0 0 1 0 1 1 0 2 0 1 0 0 2 1 0 2 1 2 2 0 2 1 1 2 1) . 2)
36100
((0 0 0 1 0 1 1 0 2 0 1 0 0 1 1 0 2 1) . 100)
36000
((0 0 0 1 0 1 1 0 2 0 1 0 0 1 1 0 2 1) . 98)
((0 0 0 1 0 1 1 0 2 0 1 0 0 1 1 2 2 1 2 0 0 1 1 0 2 1) . 2)
35900
((0 0 0 1 0 1 1 0 2 0 1 0 0 1 1 0 2 1) . 99)
((0 0 0 1 0 1 1 0 2 0 1 0 0 1 1 2 2 1 2 0 0 1 1 0 2 1) . 1)
35800
((0 0 0 1 0 1 1 0 2 0 1 0 0 1 1 0 2 1) . 94)
((0 0 0 1 0 1 1 0 2 0 1 2 0 1 1 0 2 1) . 6)
35700
((0 0 0 1 0 1 1 0 2 0 1 0 0 1 1 0 2 1) . 76)
((0 0 0 1 0 1 1 0 2 0 1 2 0 1 1 0 2 1) . 24)
35600
((0 0 0 1 0 1 1 0 2 0 1 0 0 1 1 0 2 1) . 81)
((0 0 0 1 0 1 1 0 2 0 1 2 0 1 1 0 2 1) . 12)
((0 0 0 1 0 0 1 0 2 0 1 0 0 0 1 0 2 0) . 7)
35500
((0 0 0 1 0 1 1 0 2 0 1 0 0 1 1 0 2 1) . 91)
((0 0 0 1 0 1 1 0 2 0 1 2 0 1 1 0 2 1) . 7)
((0 0 0 1 0 0 1 0 2 0 1 0 0 0 1 0 2 0) . 2)
35400
((0 0 0 1 0 1 1 0 2 0 1 0 0 1 1 0 2 1) . 62)
((0 0 0 1 0 1 1 0 2 0 1 2 0 1 1 0 2 1) . 23)
((0 0 0 1 0 1 1 0 2 0 1 1 0 1 1 0 2 1) . 15)
35300
((0 0 0 1 0 1 1 0 2 0 1 0 0 1 1 0 2 1) . 90)
((0 0 0 1 0 1 1 0 2 0 1 2 0 1 1 0 2 1) . 10)
35200
((0 0 0 1 0 1 1 0 2 0 1 0 0 1 1 0 2 1) . 92)
((0 0 0 1 0 1 1 0 2 0 1 2 0 1 1 0 2 1) . 8)
35100
((0 0 0 1 0 1 1 0 2 0 1 0 0 1 1 0 2 1) . 100)
35000
((0 0 0 1 0 1 1 0 2 0 1 0 0 1 1 0 2 1) . 100)
34900
((0 0 0 1 0 1 1 0 2 0 1 0 0 1 1 0 2 1) . 100)
34800
((0 0 0 1 0 1 1 0 2 0 1 0 0 1 1 0 2 1) . 100)
34700
((0 0 0 1 0 1 1 0 2 0 1 0 0 1 1 0 2 1) . 99)
((0 0 0 1 0 1 1 2 2 0 1 0 0 1 1 0 2 1 2 2 0 2 1 0 2 1) . 1)
34600
((0 0 0 1 0 1 1 0 2 0 1 0 0 1 1 0 2 1) . 100)
34500
((0 0 0 1 0 1 1 0 2 0 1 0 0 1 1 0 2 1) . 99)
((0 0 0 1 0 0 1 0 2 0 1 0 0 0 1 0 2 0) . 1)
34400
((0 0 0 1 0 1 1 0 2 0 1 0 0 1 1 0 2 1) . 100)
34300
((0 0 0 1 0 1 1 0 2 0 1 0 0 1 1 0 2 1) . 100)
34200
((0 0 0 1 0 1 1 0 2 0 1 0 0 1 1 0 2 1) . 100)
34100
((0 0 0 1 0 1 1 0 2 0 1 0 0 1 1 0 2 1) . 100)
34000
((0 0 0 1 0 1 1 0 2 0 1 0 0 1 1 0 2 1) . 100)
33900
((0 0 0 1 0 1 1 0 2 0 1 0 0 1 1 0 2 1) . 98)
((0 0 0 1 0 0 1 0 2 0 1 0 0 0 1 0 2 0) . 2)
33800
((0 0 0 1 0 1 1 0 2 0 1 0 0 1 1 0 2 1) . 96)
((0 0 0 1 0 0 1 0 2 0 1 0 0 0 1 0 2 0) . 4)
33700
((0 0 0 1 0 0 1 0 2 0 1 0 0 0 1 0 2 0) . 69)
((0 0 0 1 0 1 1 0 2 0 1 0 0 1 1 0 2 1) . 28)
((0 0 0 1 0 0 1 0 2 0 1 0 0 0 1 0 2 2 2 2 0 1 1 2 2 1) . 3)
33600
((0 0 0 1 0 0 1 0 2 0 1 0 0 0 1 0 2 0) . 94)
((0 0 0 1 0 1 1 0 2 0 1 0 0 1 1 0 2 1) . 6)
33500
((0 0 0 1 0 0 1 0 2 0 1 0 0 0 1 0 2 0) . 100)
33400
((0 0 0 1 0 0 1 0 2 0 1 0 0 0 1 0 2 0) . 100)
33300
((0 0 0 1 0 0 1 0 2 0 1 0 0 0 1 0 2 0) . 100)
33200
((0 0 0 1 0 0 1 0 2 0 1 0 0 0 1 0 2 0) . 100)
33100
((0 0 0 1 0 0 1 0 2 0 1 0 0 0 1 0 2 0) . 100)
33000
((0 0 0 1 0 0 1 0 2 0 1 0 0 0 1 0 2 0) . 99)
((0 0 0 1 0 0 1 0 2 0 1 0 0 2 1 0 2 0 2 0 0 1 1 2 2 2) . 1)
32900
((0 0 0 1 0 0 1 0 2 0 1 0 0 0 1 0 2 0) . 100)
32800
((0 0 0 1 0 0 1 0 2 0 1 0 0 0 1 0 2 0) . 98)
((0 1 0 1 0 0 1 0 2 0 1 0 0 0 1 0 2 0) . 2)
32700
((0 0 0 1 0 0 1 0 2 0 1 0 0 0 1 0 2 0) . 100)
32600
((0 0 0 1 0 0 1 0 2 0 1 0 0 0 1 0 2 0) . 100)
32500
((0 0 0 1 0 0 1 0 2 0 1 0 0 0 1 0 2 0) . 100)
32400
((0 0 0 1 0 0 1 0 2 0 1 0 0 0 1 0 2 0) . 100)
32300
((0 0 0 1 0 0 1 0 2 0 1 0 0 0 1 0 2 0) . 100)
32200
((0 0 0 1 0 0 1 0 2 0 1 0 0 0 1 0 2 0) . 95)
((0 0 0 1 0 1 1 0 2 0 1 0 0 0 1 0 2 0) . 3)
((0 1 0 1 0 0 1 0 2 0 1 0 0 0 1 0 2 0) . 2)
32100
((0 0 0 1 0 0 1 0 2 0 1 0 0 0 1 0 2 0) . 96)
((0 1 0 1 0 0 1 0 2 0 1 0 0 0 1 0 2 0) . 4)
32000
((0 0 0 1 0 0 1 0 2 0 1 0 0 0 1 0 2 0) . 100)
31900
((0 0 0 1 0 0 1 0 2 0 1 0 0 0 1 0 2 0) . 100)
31800
((0 0 0 1 0 0 1 0 2 0 1 0 0 0 1 0 2 0) . 100)
31700
((0 0 0 1 0 0 1 0 2 0 1 0 0 0 1 0 2 0) . 100)
31600
((0 0 0 1 0 0 1 0 2 0 1 0 0 0 1 0 2 0) . 100)
31500
((0 0 0 1 0 0 1 0 2 0 1 0 0 0 1 0 2 0) . 100)
31400
((0 0 0 1 0 0 1 0 2 0 1 0 0 0 1 0 2 0) . 100)
31300
((0 0 0 1 0 0 1 0 2 0 1 0 0 0 1 0 2 0) . 99)
((0 0 0 1 0 0 1 0 2 2 1 0 0 0 1 0 2 0 2 1 0 0 1 1 2 2) . 1)
31200
((0 0 0 1 0 0 1 0 2 0 1 0 0 0 1 0 2 0) . 100)
31100
((0 0 0 1 0 0 1 0 2 0 1 0 0 0 1 0 2 0) . 100)
31000
((0 0 0 1 0 0 1 0 2 0 1 0 0 0 1 0 2 0) . 100)
30900
((0 0 0 1 0 0 1 0 2 0 1 0 0 0 1 0 2 0) . 100)
30800
((0 0 0 1 0 0 1 0 2 0 1 0 0 0 1 0 2 0) . 100)
30700
((0 0 0 1 0 0 1 0 2 0 1 0 0 0 1 0 2 0) . 100)
30600
((0 0 0 1 0 0 1 0 2 0 1 0 0 0 1 0 2 0) . 99)
((0 0 0 1 0 0 1 0 2 2 1 0 0 0 1 0 2 0 2 1 0 0 1 0 2 0) . 1)
30500
((0 0 0 1 0 0 1 0 2 0 1 0 0 0 1 0 2 0) . 100)
30400
((0 0 0 1 0 0 1 0 2 0 1 0 0 0 1 0 2 0) . 100)
30300
((0 0 0 1 0 0 1 0 2 0 1 0 0 0 1 0 2 0) . 100)
30200
((0 0 0 1 0 0 1 0 2 0 1 0 0 0 1 0 2 0) . 100)
30100
((0 0 0 1 0 0 1 0 2 0 1 0 0 0 1 0 2 0) . 98)
((0 0 0 1 0 0 1 0 2 0 1 0 0 0 1 2 2 0 2 2 0 0 1 0 2 1) . 2)
30000
((0 0 0 1 0 0 1 0 2 0 1 0 0 0 1 0 2 0) . 100)
29900
((0 0 0 1 0 0 1 0 2 0 1 0 0 0 1 0 2 0) . 100)
29800
((0 0 0 1 0 0 1 0 2 0 1 0 0 0 1 0 2 0) . 100)
29700
((0 0 0 1 0 0 1 0 2 0 1 0 0 0 1 0 2 0) . 99)
((0 0 0 1 0 2 1 0 2 0 1 0 0 0 1 0 2 0 2 1 0 2 1 0 2 2) . 1)
29600
((0 0 0 1 0 0 1 0 2 0 1 0 0 0 1 0 2 0) . 100)
29500
((0 0 0 1 0 0 1 0 2 0 1 0 0 0 1 0 2 0) . 99)
((0 0 0 1 0 0 1 0 2 0 1 0 0 2 1 0 2 0 2 1 0 2 1 0 2 0) . 1)
29400
((0 0 0 1 0 0 1 0 2 0 1 0 0 0 1 0 2 0) . 99)
((0 0 0 1 0 2 1 0 2 0 1 0 0 0 1 0 2 0 2 1 0 2 1 2 2 0) . 1)
29300
((0 0 0 1 0 0 1 0 2 0 1 0 0 0 1 0 2 0) . 81)
((0 0 0 1 0 2 1 0 2 0 1 0 0 0 1 0 2 0 2 1 0 2 1 2 2 0) . 19)
29200
((0 0 0 1 0 0 1 0 2 0 1 0 0 0 1 0 2 0) . 100)
29100
((0 0 0 1 0 0 1 0 2 0 1 0 0 0 1 0 2 0) . 100)
29000
((0 0 0 1 0 0 1 0 2 0 1 0 0 0 1 0 2 0) . 100)
28900
((0 0 0 1 0 0 1 0 2 0 1 0 0 0 1 0 2 0) . 100)
28800
((0 0 0 1 0 0 1 0 2 0 1 0 0 0 1 0 2 0) . 100)
28700
((0 0 0 1 0 0 1 0 2 0 1 0 0 0 1 0 2 0) . 100)
28600
((0 0 0 1 0 0 1 0 2 0 1 0 0 0 1 0 2 0) . 100)
28500
((0 0 0 1 0 0 1 0 2 0 1 0 0 0 1 0 2 0) . 95)
((0 0 0 1 0 2 1 0 2 0 1 0 0 0 1 0 2 0 2 1 0 1 1 2 2 0) . 5)
28400
((0 0 0 1 0 0 1 0 2 0 1 0 0 0 1 0 2 0) . 100)
28300
((0 0 0 1 0 0 1 0 2 0 1 0 0 0 1 0 2 0) . 100)
28200
((0 0 0 1 0 0 1 0 2 0 1 0 0 0 1 0 2 0) . 95)
((0 0 0 1 0 0 1 0 2 0 1 0 0 0 1 0 2 2 2 1 0 2 1 1 2 2) . 5)
28100
((0 0 0 1 0 0 1 0 2 0 1 0 0 0 1 0 2 0) . 86)
((0 0 0 1 0 0 1 0 2 0 1 0 0 0 1 0 2 2 2 1 0 2 1 1 2 2) . 13)
((0 0 0 1 0 2 1 0 2 0 1 0 0 0 1 0 2 0 2 2 0 2 1 0 2 0) . 1)
28000
((0 0 0 1 0 0 1 0 2 0 1 0 0 0 1 0 2 0) . 100)
27900
((0 0 0 1 0 0 1 0 2 0 1 0 0 0 1 0 2 0) . 99)
((0 0 0 1 0 0 1 2 2 0 1 0 0 0 1 0 2 0 2 2 0 1 1 1 2 0) . 1)
27800
((0 0 0 1 0 0 1 0 2 0 1 0 0 0 1 0 2 0) . 95)
((0 0 0 1 0 0 1 0 2 0 1 0 0 0 1 2 2 0 2 0 0 1 1 0 2 0) . 4)
((0 0 0 1 0 1 1 1 2 1 1 0 0 1 1 1 2 1) . 1)
27700
((0 0 0 1 0 0 1 0 2 0 1 0 0 0 1 0 2 0) . 100)
27600
((0 0 0 1 0 0 1 0 2 0 1 0 0 0 1 0 2 0) . 100)
27500
((0 0 0 1 0 0 1 0 2 0 1 0 0 0 1 0 2 0) . 100)
27400
((0 0 0 1 0 0 1 0 2 0 1 0 0 0 1 0 2 0) . 100)
27300
((0 0 0 1 0 0 1 0 2 0 1 0 0 0 1 0 2 0) . 100)
27200
((0 0 0 1 0 0 1 0 2 0 1 0 0 0 1 0 2 0) . 83)
((0 0 0 1 0 0 1 0 2 1 1 0 0 0 1 0 2 0) . 15)
((0 0 0 1 0 2 1 0 2 0 1 0 0 0 1 0 2 0 2 1 0 0 1 0 2 2) . 2)
27100
((0 0 0 1 0 0 1 0 2 0 1 0 0 0 1 0 2 0) . 85)
((0 0 0 1 0 0 1 0 2 1 1 0 0 0 1 0 2 0) . 15)
27000
((0 0 0 1 0 0 1 0 2 0 1 0 0 0 1 0 2 0) . 73)
((0 0 0 1 0 0 1 0 2 1 1 0 0 0 1 0 2 0) . 16)
((0 0 0 1 0 2 1 0 2 0 1 0 0 0 1 0 2 0 2 2 0 1 1 0 2 0) . 8)
((0 1 0 1 0 0 1 0 2 0 1 0 0 0 1 0 2 0) . 3)
26900
((0 0 0 1 0 0 1 0 2 0 1 0 0 0 1 0 2 0) . 93)
((0 0 0 1 0 2 1 0 2 0 1 0 0 0 1 0 2 0 2 2 0 1 1 0 2 0) . 4)
((0 0 0 1 0 0 1 0 2 1 1 0 0 0 1 0 2 0) . 3)
26800
((0 0 0 1 0 0 1 0 2 0 1 0 0 0 1 0 2 0) . 99)
((0 0 0 1 0 2 1 0 2 0 1 0 0 0 1 0 2 0 2 2 0 1 1 0 2 0) . 1)
26700
((0 0 0 1 0 0 1 0 2 0 1 0 0 0 1 0 2 0) . 100)
26600
((0 0 0 1 0 0 1 0 2 0 1 0 0 0 1 0 2 0) . 100)
26500
((0 0 0 1 0 0 1 0 2 0 1 0 0 0 1 0 2 0) . 100)
26400
((0 0 0 1 0 0 1 0 2 0 1 0 0 0 1 0 2 0) . 98)
((0 0 0 1 0 0 1 0 2 2 1 0 0 0 1 0 2 0 2 2 0 0 1 1 2 0) . 2)
26300
((0 0 0 1 0 0 1 0 2 0 1 0 0 0 1 0 2 0) . 100)
26200
((0 0 0 1 0 0 1 0 2 0 1 0 0 0 1 0 2 0) . 100)
26100
((0 0 0 1 0 0 1 0 2 0 1 0 0 0 1 0 2 0) . 100)
26000
((0 0 0 1 0 0 1 0 2 0 1 0 0 0 1 0 2 0) . 79)
((0 0 0 1 0 0 1 0 2 0 1 0 0 0 1 0 2 2 2 0 0 1 1 1 2 1) . 21)
25900
((0 0 0 1 0 0 1 0 2 0 1 0 0 0 1 0 2 0) . 94)
((0 0 0 1 0 0 1 0 2 0 1 0 0 0 1 0 2 2 2 0 0 1 1 1 2 1) . 6)
25800
((0 0 0 1 0 0 1 0 2 0 1 0 0 0 1 0 2 0) . 100)
25700
((0 0 0 1 0 0 1 0 2 0 1 0 0 0 1 0 2 0) . 100)
25600
((0 0 0 1 0 0 1 0 2 0 1 0 0 0 1 0 2 0) . 100)
25500
((0 0 0 1 0 0 1 0 2 0 1 0 0 0 1 0 2 0) . 91)
((0 0 0 1 0 0 1 0 2 0 1 0 0 0 1 2 2 0 2 1 0 0 1 2 2 2) . 8)
((0 0 0 1 0 1 1 1 2 1 1 0 0 1 1 1 2 1) . 1)
25400
((0 0 0 1 0 0 1 0 2 0 1 0 0 0 1 0 2 0) . 90)
((0 0 0 1 0 0 1 0 2 0 1 0 0 0 1 2 2 0 2 1 0 0 1 2 2 2) . 10)
25300
((0 0 0 1 0 0 1 0 2 0 1 0 0 0 1 0 2 0) . 92)
((0 0 0 1 0 0 1 0 2 0 1 0 0 0 1 2 2 0 2 1 0 0 1 2 2 2) . 6)
((0 0 0 1 0 2 1 0 2 0 1 0 0 0 1 0 2 0 2 1 0 2 1 1 2 2) . 2)
25200
((0 0 0 1 0 0 1 0 2 0 1 0 0 0 1 0 2 0) . 100)
25100
((0 0 0 1 0 0 1 0 2 0 1 0 0 0 1 0 2 0) . 100)
25000
((0 0 0 1 0 0 1 0 2 0 1 0 0 0 1 0 2 0) . 98)
((0 0 0 1 0 0 1 0 2 0 1 0 0 0 1 0 2 2 2 2 0 1 1 2 2 0) . 2)
24900
((0 0 0 1 0 0 1 0 2 0 1 0 0 0 1 0 2 0) . 100)
24800
((0 0 0 1 0 0 1 0 2 0 1 0 0 0 1 0 2 0) . 100)
24700
((0 0 0 1 0 0 1 0 2 0 1 0 0 0 1 0 2 0) . 100)
24600
((0 0 0 1 0 0 1 0 2 0 1 0 0 0 1 0 2 0) . 100)
24500
((0 0 0 1 0 0 1 0 2 0 1 0 0 0 1 0 2 0) . 83)
((0 0 0 1 0 0 1 0 2 0 1 0 0 2 1 0 2 0 2 0 0 0 1 2 2 0) . 17)
24400
((0 0 0 1 0 0 1 0 2 0 1 0 0 0 1 0 2 0) . 90)
((0 0 0 1 0 0 1 0 2 0 1 0 0 2 1 0 2 0 2 0 0 0 1 2 2 0) . 10)
24300
((0 0 0 1 0 0 1 0 2 0 1 0 0 0 1 0 2 0) . 80)
((0 0 0 1 0 0 1 0 2 0 1 0 0 2 1 0 2 0 2 0 0 0 1 2 2 0) . 20)
24200
((0 0 0 1 0 0 1 0 2 0 1 0 0 0 1 0 2 0) . 89)
((0 0 0 1 0 0 1 0 2 0 1 0 0 2 1 0 2 0 2 0 0 0 1 2 2 0) . 11)
24100
((0 0 0 1 0 0 1 0 2 0 1 0 0 0 1 0 2 0) . 95)
((0 0 0 1 0 0 1 0 2 0 1 0 0 2 1 0 2 0 2 0 0 0 1 2 2 0) . 4)
((0 1 0 1 0 0 1 0 2 0 1 0 0 0 1 0 2 0) . 1)
24000
((0 0 0 1 0 0 1 0 2 0 1 0 0 0 1 0 2 0) . 99)
((0 0 0 1 0 2 1 0 2 0 1 0 0 0 1 0 2 0 2 1 0 1 1 1 2 1) . 1)
23900
((0 0 0 1 0 0 1 0 2 0 1 0 0 0 1 0 2 0) . 100)
23800
((0 0 0 1 0 0 1 0 2 0 1 0 0 0 1 0 2 0) . 100)
23700
((0 0 0 1 0 0 1 0 2 0 1 0 0 0 1 0 2 0) . 95)
((0 0 0 1 0 0 1 0 2 2 1 0 0 0 1 0 2 0 2 0 0 1 1 1 2 2) . 5)
23600
((0 0 0 1 0 0 1 0 2 0 1 0 0 0 1 0 2 0) . 85)
((0 0 0 1 0 0 1 0 2 2 1 0 0 0 1 0 2 0 2 0 0 1 1 1 2 2) . 15)
23500
((0 0 0 1 0 0 1 0 2 0 1 0 0 0 1 0 2 0) . 93)
((0 0 0 1 0 0 1 0 2 2 1 0 0 0 1 0 2 0 2 0 0 1 1 1 2 2) . 7)
23400
((0 0 0 1 0 0 1 0 2 0 1 0 0 0 1 0 2 0) . 100)
23300
((0 0 0 1 0 0 1 0 2 0 1 0 0 0 1 0 2 0) . 100)
23200
((0 0 0 1 0 0 1 0 2 0 1 0 0 0 1 0 2 0) . 100)
23100
((0 0 0 1 0 0 1 0 2 0 1 0 0 0 1 0 2 0) . 100)
23000
((0 0 0 1 0 0 1 0 2 0 1 0 0 0 1 0 2 0) . 95)
((0 0 0 1 0 0 1 0 2 0 1 0 0 0 1 2 2 0 2 2 0 2 1 1 2 2) . 5)
22900
((0 0 0 1 0 0 1 0 2 0 1 0 0 0 1 0 2 0) . 100)
22800
((0 0 0 1 0 0 1 0 2 0 1 0 0 0 1 0 2 0) . 100)
22700
((0 0 0 1 0 0 1 0 2 0 1 0 0 0 1 0 2 0) . 99)
((0 0 0 1 0 0 1 0 2 0 1 0 0 0 1 2 2 0 2 0 0 1 1 0 2 0) . 1)
22600
((0 0 0 1 0 0 1 0 2 0 1 0 0 0 1 0 2 0) . 100)
22500
((0 0 0 1 0 0 1 0 2 0 1 0 0 0 1 0 2 0) . 100)
22400
((0 0 0 1 0 0 1 0 2 0 1 0 0 0 1 0 2 0) . 95)
((0 0 0 1 0 0 1 0 2 2 1 0 0 0 1 0 2 0 2 0 0 1 1 1 2 0) . 5)
22300
((0 0 0 1 0 0 1 0 2 0 1 0 0 0 1 0 2 0) . 85)
((0 0 0 1 0 0 1 0 2 2 1 0 0 0 1 0 2 0 2 0 0 1 1 1 2 0) . 15)
22200
((0 0 0 1 0 0 1 0 2 0 1 0 0 0 1 0 2 0) . 78)
((0 0 0 1 0 0 1 0 2 2 1 0 0 0 1 0 2 0 2 0 0 1 1 1 2 0) . 22)
22100
((0 0 0 1 0 0 1 0 2 0 1 0 0 0 1 0 2 0) . 88)
((0 0 0 1 0 0 1 0 2 2 1 0 0 0 1 0 2 0 2 0 0 1 1 1 2 0) . 10)
((0 0 0 1 0 0 1 0 2 2 1 0 0 3 1 0 2 0 2 0 0 1 1 1 2 0 3 2 0 2 1 2 2 2) . 2)
22000
((0 0 0 1 0 0 1 0 2 0 1 0 0 0 1 0 2 0) . 100)
21900
((0 0 0 1 0 0 1 0 2 0 1 0 0 0 1 0 2 0) . 100)
21800
((0 0 0 1 0 0 1 0 2 0 1 0 0 0 1 0 2 0) . 100)
21700
((0 0 0 1 0 0 1 0 2 0 1 0 0 0 1 0 2 0) . 100)
21600
((0 0 0 1 0 0 1 0 2 0 1 0 0 0 1 0 2 0) . 99)
((0 0 0 1 0 1 1 1 2 1 1 0 0 1 1 1 2 1) . 1)
21500
((0 0 0 1 0 0 1 0 2 0 1 0 0 0 1 0 2 0) . 93)
((0 0 0 1 0 0 1 0 2 1 1 0 0 0 1 0 2 0) . 7)
21400
((0 0 0 1 0 0 1 0 2 0 1 0 0 0 1 0 2 0) . 76)
((0 0 0 1 0 0 1 0 2 1 1 0 0 0 1 0 2 0) . 24)
21300
((0 0 0 1 0 0 1 0 2 0 1 0 0 0 1 0 2 0) . 89)
((0 0 0 1 0 0 1 0 2 1 1 0 0 0 1 0 2 0) . 11)
21200
((0 0 0 1 0 0 1 0 2 0 1 0 0 0 1 0 2 0) . 88)
((0 0 0 1 0 0 1 0 2 1 1 0 0 0 1 0 2 0) . 12)
21100
((0 0 0 1 0 0 1 0 2 0 1 0 0 0 1 0 2 0) . 64)
((0 0 0 1 0 0 1 0 2 1 1 0 0 0 1 0 2 0) . 36)
21000
((0 0 0 1 0 0 1 0 2 1 1 0 0 0 1 0 2 0) . 61)
((0 0 0 1 0 0 1 0 2 0 1 0 0 0 1 0 2 0) . 39)
20900
((0 0 0 1 0 0 1 0 2 1 1 0 0 0 1 0 2 0) . 81)
((0 0 0 1 0 0 1 0 2 0 1 0 0 0 1 0 2 0) . 19)
20800
((0 0 0 1 0 0 1 0 2 1 1 0 0 0 1 0 2 0) . 71)
((0 0 0 1 0 0 1 0 2 0 1 0 0 0 1 0 2 0) . 29)
20700
((0 0 0 1 0 0 1 0 2 1 1 0 0 0 1 0 2 0) . 69)
((0 0 0 1 0 0 1 0 2 0 1 0 0 0 1 0 2 0) . 31)
20600
((0 0 0 1 0 0 1 0 2 1 1 0 0 0 1 0 2 0) . 74)
((0 0 0 1 0 0 1 0 2 0 1 0 0 0 1 0 2 0) . 26)
20500
((0 0 0 1 0 0 1 0 2 1 1 0 0 0 1 0 2 0) . 91)
((0 0 0 1 0 0 1 0 2 0 1 0 0 0 1 0 2 0) . 8)
((0 0 0 1 0 0 1 0 2 1 1 0 0 0 1 0 2 2 2 2 0 0 1 1 2 0) . 1)
20400
((0 0 0 1 0 0 1 0 2 1 1 0 0 0 1 0 2 0) . 96)
((0 0 0 1 0 0 1 0 2 1 1 2 0 0 1 0 2 0) . 4)
20300
((0 0 0 1 0 0 1 0 2 1 1 0 0 0 1 0 2 0) . 89)
((0 0 0 1 0 0 1 0 2 1 1 2 0 0 1 0 2 0) . 11)
20200
((0 0 0 1 0 0 1 0 2 1 1 0 0 0 1 0 2 0) . 83)
((0 0 0 1 0 0 1 0 2 1 1 2 0 0 1 0 2 0) . 17)
20100
((0 0 0 1 0 0 1 0 2 1 1 2 0 0 1 0 2 0) . 53)
((0 0 0 1 0 0 1 0 2 1 1 0 0 0 1 0 2 0) . 46)
((0 0 0 1 0 0 1 0 2 0 1 2 0 0 1 0 2 0) . 1)
20000
((0 0 0 1 0 0 1 0 2 1 1 2 0 0 1 0 2 0) . 64)
((0 0 0 1 0 0 1 0 2 1 1 0 0 0 1 0 2 0) . 36)
19900
((0 0 0 1 0 0 1 0 2 1 1 2 0 0 1 0 2 0) . 52)
((0 0 0 1 0 0 1 0 2 1 1 0 0 0 1 0 2 0) . 48)
19800
((0 0 0 1 0 0 1 0 2 1 1 0 0 0 1 0 2 0) . 40)
((0 0 0 1 0 0 1 0 2 1 1 2 0 0 1 0 2 0) . 36)
((0 0 0 1 0 0 1 0 2 0 1 0 0 0 1 0 2 0) . 24)
19700
((0 0 0 1 0 0 1 0 2 1 1 0 0 0 1 0 2 0) . 86)
((0 0 0 1 0 0 1 0 2 1 1 2 0 0 1 0 2 0) . 8)
((0 0 0 1 0 0 1 0 2 0 1 0 0 0 1 0 2 0) . 6)
19600
((0 0 0 1 0 0 1 0 2 1 1 0 0 0 1 0 2 0) . 100)
19500
((0 0 0 1 0 0 1 0 2 1 1 0 0 0 1 0 2 0) . 89)
((0 1 0 1 0 0 1 0 2 1 1 0 0 0 1 0 2 0) . 11)
19400
((0 0 0 1 0 0 1 0 2 1 1 0 0 0 1 0 2 0) . 100)
19300
((0 0 0 1 0 0 1 0 2 1 1 0 0 0 1 0 2 0) . 100)
19200
((0 0 0 1 0 0 1 0 2 1 1 0 0 0 1 0 2 0) . 92)
((0 0 0 1 0 2 1 0 2 1 1 0 0 0 1 0 2 0 2 1 0 2 1 1 2 2) . 8)
19100
((0 0 0 1 0 0 1 0 2 1 1 0 0 0 1 0 2 0) . 95)
((0 0 0 1 0 0 1 0 2 1 1 0 0 0 1 0 2 2 2 2 0 0 1 1 2 2) . 5)
19000
((0 0 0 1 0 0 1 0 2 1 1 0 0 0 1 0 2 0) . 84)
((0 0 0 1 0 0 1 0 2 1 1 0 0 1 1 0 2 0) . 13)
((0 0 0 1 0 0 1 0 2 1 1 0 0 2 1 0 2 0 2 2 0 0 1 0 2 1) . 3)
18900
((0 0 0 1 0 0 1 0 2 1 1 0 0 0 1 0 2 0) . 85)
((0 0 0 1 0 0 1 0 2 1 1 0 0 2 1 0 2 0 2 2 0 0 1 0 2 1) . 15)
18800
((0 0 0 1 0 0 1 0 2 1 1 0 0 0 1 0 2 0) . 94)
((0 0 0 1 0 0 1 0 2 1 1 0 0 2 1 0 2 0 2 2 0 0 1 0 2 1) . 6)
18700
((0 0 0 1 0 0 1 0 2 1 1 0 0 0 1 0 2 0) . 100)
18600
((0 0 0 1 0 0 1 0 2 1 1 0 0 0 1 0 2 0) . 100)
18500
((0 0 0 1 0 0 1 0 2 1 1 0 0 0 1 0 2 0) . 94)
((0 0 0 1 0 2 1 0 2 1 1 0 0 0 1 0 2 0 2 1 0 2 1 0 2 1) . 6)
18400
((0 0 0 1 0 0 1 0 2 1 1 0 0 0 1 0 2 0) . 99)
((0 0 0 1 0 1 1 1 2 1 1 0 0 1 1 1 2 1) . 1)
18300
((0 0 0 1 0 0 1 0 2 1 1 0 0 0 1 0 2 0) . 100)
18200
((0 0 0 1 0 0 1 0 2 1 1 0 0 0 1 0 2 0) . 100)
18100
((0 0 0 1 0 0 1 0 2 1 1 0 0 0 1 0 2 0) . 95)
((0 0 0 1 0 0 1 0 2 0 1 0 0 0 1 0 2 0) . 5)
18000
((0 0 0 1 0 0 1 0 2 1 1 0 0 0 1 0 2 0) . 57)
((0 0 0 1 0 0 1 0 2 0 1 0 0 0 1 0 2 0) . 43)
17900
((0 0 0 1 0 0 1 0 2 1 1 0 0 0 1 0 2 0) . 52)
((0 0 0 1 0 0 1 0 2 0 1 0 0 0 1 0 2 0) . 47)
((0 0 0 1 0 0 1 2 2 1 1 0 0 0 1 0 2 0 2 0 0 0 1 0 2 1) . 1)
17800
((0 0 0 1 0 0 1 0 2 0 1 0 0 0 1 0 2 0) . 60)
((0 0 0 1 0 0 1 0 2 1 1 0 0 0 1 0 2 0) . 40)
17700
((0 0 0 1 0 0 1 0 2 1 1 0 0 0 1 0 2 0) . 76)
((0 0 0 1 0 0 1 0 2 0 1 0 0 0 1 0 2 0) . 23)
((0 1 0 1 0 0 1 0 2 1 1 0 0 0 1 0 2 0) . 1)
17600
((0 0 0 1 0 0 1 0 2 1 1 0 0 0 1 0 2 0) . 58)
((0 0 0 1 0 0 1 0 2 0 1 0 0 0 1 0 2 0) . 28)
((0 0 0 1 0 0 1 0 2 1 1 0 0 0 1 0 2 2 2 0 0 1 1 0 2 2) . 11)
((0 0 0 1 0 0 1 0 2 1 1 0 0 0 1 0 2 2 2 1 0 2 1 2 2 2) . 3)
17500
((0 0 0 1 0 0 1 0 2 1 1 0 0 0 1 0 2 0) . 77)
((0 0 0 1 0 0 1 0 2 0 1 0 0 0 1 0 2 0) . 23)
17400
((0 0 0 1 0 0 1 0 2 1 1 0 0 0 1 0 2 0) . 61)
((0 0 0 1 0 0 1 0 2 0 1 0 0 0 1 0 2 0) . 38)
((0 0 0 1 0 0 1 0 2 1 1 0 0 0 1 0 2 2 2 1 0 2 1 2 2 1) . 1)
17300
((0 0 0 1 0 0 1 0 2 0 1 0 0 0 1 0 2 0) . 74)
((0 0 0 1 0 0 1 0 2 1 1 0 0 0 1 0 2 0) . 23)
((0 0 0 1 0 0 1 0 2 1 1 0 0 0 1 0 2 2 2 0 0 2 1 0 2 0) . 2)
((0 1 0 1 0 0 1 0 2 1 1 0 0 0 1 0 2 0) . 1)
17200
((0 0 0 1 0 0 1 0 2 0 1 0 0 0 1 0 2 0) . 65)
((0 0 0 1 0 0 1 0 2 1 1 0 0 0 1 0 2 0) . 34)
((0 0 0 1 0 2 1 0 2 0 1 0 0 0 1 0 2 0 2 2 0 1 1 2 2 2) . 1)
17100
((0 0 0 1 0 0 1 0 2 0 1 0 0 0 1 0 2 0) . 78)
((0 0 0 1 0 0 1 0 2 1 1 0 0 0 1 0 2 0) . 22)
17000
((0 0 0 1 0 0 1 0 2 0 1 0 0 0 1 0 2 0) . 74)
((0 0 0 1 0 0 1 0 2 1 1 0 0 0 1 0 2 0) . 26)
16900
((0 0 0 1 0 0 1 0 2 0 1 0 0 0 1 0 2 0) . 100)
16800
((0 0 0 1 0 0 1 0 2 0 1 0 0 0 1 0 2 0) . 100)
16700
((0 0 0 1 0 0 1 0 2 0 1 0 0 0 1 0 2 0) . 100)
16600
((0 0 0 1 0 0 1 0 2 0 1 0 0 0 1 0 2 0) . 97)
((0 0 0 1 0 0 1 0 2 0 1 1 0 0 1 0 2 0) . 3)
16500
((0 0 0 1 0 0 1 0 2 0 1 0 0 0 1 0 2 0) . 100)
16400
((0 0 0 1 0 0 1 0 2 0 1 0 0 0 1 0 2 0) . 100)
16300
((0 0 0 1 0 0 1 0 2 0 1 0 0 0 1 0 2 0) . 99)
((0 0 0 1 0 0 1 0 2 2 1 0 0 0 1 0 2 0 2 2 0 2 1 0 2 1) . 1)
16200
((0 0 0 1 0 0 1 0 2 0 1 0 0 0 1 0 2 0) . 85)
((0 0 0 1 0 0 1 0 2 2 1 0 0 0 1 0 2 0 2 0 0 2 1 2 2 2) . 13)
((0 1 0 1 0 0 1 0 2 0 1 0 0 0 1 0 2 0) . 2)
16100
((0 0 0 1 0 0 1 0 2 0 1 0 0 0 1 0 2 0) . 97)
((0 0 0 1 0 0 1 0 2 2 1 0 0 0 1 0 2 0 2 0 0 2 1 2 2 2) . 3)
16000
((0 0 0 1 0 0 1 0 2 0 1 0 0 0 1 0 2 0) . 100)
15900
((0 0 0 1 0 0 1 0 2 0 1 0 0 0 1 0 2 0) . 100)
15800
((0 0 0 1 0 0 1 0 2 0 1 0 0 0 1 0 2 0) . 99)
((0 1 0 1 0 0 1 0 2 0 1 0 0 0 1 0 2 0) . 1)
15700
((0 0 0 1 0 0 1 0 2 0 1 0 0 0 1 0 2 0) . 100)
15600
((0 0 0 1 0 0 1 0 2 0 1 0 0 0 1 0 2 0) . 100)
15500
((0 0 0 1 0 0 1 0 2 0 1 0 0 0 1 0 2 0) . 98)
((0 0 0 1 0 0 1 0 2 0 1 0 0 2 1 0 2 0 2 0 0 1 1 1 2 0) . 2)
15400
((0 0 0 1 0 0 1 0 2 0 1 0 0 0 1 0 2 0) . 100)
15300
((0 0 0 1 0 0 1 0 2 0 1 0 0 0 1 0 2 0) . 100)
15200
((0 0 0 1 0 0 1 0 2 0 1 0 0 0 1 0 2 0) . 100)
15100
((0 0 0 1 0 0 1 0 2 0 1 0 0 0 1 0 2 0) . 100)
15000
((0 0 0 1 0 0 1 0 2 0 1 0 0 0 1 0 2 0) . 100)
14900
((0 0 0 1 0 0 1 0 2 0 1 0 0 0 1 0 2 0) . 100)
14800
((0 0 0 1 0 0 1 0 2 0 1 0 0 0 1 0 2 0) . 100)
14700
((0 0 0 1 0 0 1 0 2 0 1 0 0 0 1 0 2 0) . 100)
14600
((0 0 0 1 0 0 1 0 2 0 1 0 0 0 1 0 2 0) . 100)
14500
((0 0 0 1 0 0 1 0 2 0 1 0 0 0 1 0 2 0) . 99)
((0 0 0 1 0 0 1 2 2 0 1 0 0 0 1 0 2 0 2 1 0 2 1 2 2 1) . 1)
14400
((0 0 0 1 0 0 1 0 2 0 1 0 0 0 1 0 2 0) . 100)
14300
((0 0 0 1 0 0 1 0 2 0 1 0 0 0 1 0 2 0) . 100)
14200
((0 0 0 1 0 0 1 0 2 0 1 0 0 0 1 0 2 0) . 96)
((0 0 0 1 0 2 1 0 2 0 1 0 0 0 1 0 2 0 2 0 0 1 1 2 2 0) . 4)
14100
((0 0 0 1 0 0 1 0 2 0 1 0 0 0 1 0 2 0) . 100)
14000
((0 0 0 1 0 0 1 0 2 0 1 0 0 0 1 0 2 0) . 99)
((0 0 0 1 0 0 1 0 2 0 1 0 0 0 1 1 2 0) . 1)
13900
((0 0 0 1 0 0 1 0 2 0 1 0 0 0 1 0 2 0) . 100)
13800
((0 0 0 1 0 0 1 0 2 0 1 0 0 0 1 0 2 0) . 100)
13700
((0 0 0 1 0 0 1 0 2 0 1 0 0 0 1 0 2 0) . 91)
((0 0 0 1 0 0 1 0 2 0 1 0 0 0 1 2 2 0 2 1 0 2 1 2 2 0) . 9)
13600
((0 0 0 1 0 0 1 0 2 0 1 0 0 0 1 0 2 0) . 91)
((0 0 0 1 0 0 1 0 2 0 1 0 0 2 1 0 2 0 2 2 0 1 1 1 2 2) . 8)
((0 0 0 1 0 0 1 0 2 0 1 0 0 0 1 2 2 0 2 1 0 2 1 2 2 0) . 1)
13500
((0 0 0 1 0 0 1 0 2 0 1 0 0 0 1 0 2 0) . 100)
13400
((0 0 0 1 0 0 1 0 2 0 1 0 0 0 1 0 2 0) . 90)
((0 0 0 1 0 0 1 0 2 2 1 0 0 0 1 0 2 0 2 0 0 2 1 1 2 0) . 10)
13300
((0 0 0 1 0 0 1 0 2 0 1 0 0 0 1 0 2 0) . 85)
((0 0 0 1 0 0 1 0 2 2 1 0 0 0 1 0 2 0 2 0 0 2 1 1 2 0) . 15)
13200
((0 0 0 1 0 0 1 0 2 0 1 0 0 0 1 0 2 0) . 92)
((0 0 0 1 0 0 1 0 2 2 1 0 0 0 1 0 2 0 2 0 0 2 1 1 2 0) . 8)
13100
((0 0 0 1 0 0 1 0 2 0 1 0 0 0 1 0 2 0) . 88)
((0 0 0 1 0 0 1 0 2 2 1 2 0 0 1 0 2 0 2 0 0 2 1 1 2 0) . 9)
((0 0 0 1 0 0 1 0 2 0 1 0 0 2 1 0 2 0 2 2 0 1 1 0 2 0) . 3)
13000
((0 0 0 1 0 0 1 0 2 0 1 0 0 0 1 0 2 0) . 100)
12900
((0 0 0 1 0 0 1 0 2 0 1 0 0 0 1 0 2 0) . 100)
12800
((0 0 0 1 0 0 1 0 2 0 1 0 0 0 1 0 2 0) . 98)
((0 0 0 1 0 0 1 0 2 0 1 0 0 0 1 2 2 0 2 2 0 2 1 1 2 2) . 2)
12700
((0 0 0 1 0 0 1 0 2 0 1 0 0 0 1 0 2 0) . 96)
((0 0 0 1 0 0 1 0 2 0 1 0 0 0 1 2 2 0 2 2 0 2 1 1 2 2) . 3)
((0 0 0 1 0 1 1 1 2 1 1 0 0 1 1 1 2 1) . 1)
12600
((0 0 0 1 0 0 1 0 2 0 1 0 0 0 1 0 2 0) . 94)
((0 0 0 1 0 0 1 0 2 0 1 0 0 0 1 2 2 0 2 2 0 2 1 1 2 2) . 6)
12500
((0 0 0 1 0 0 1 0 2 0 1 0 0 0 1 0 2 0) . 79)
((0 0 0 1 0 0 1 0 2 0 1 0 0 0 1 2 2 0 2 2 0 2 1 1 2 2) . 19)
((0 1 0 1 0 0 1 0 2 0 1 0 0 0 1 0 2 0) . 2)
12400
((0 0 0 1 0 0 1 0 2 0 1 0 0 0 1 0 2 0) . 75)
((0 0 0 1 0 0 1 0 2 0 1 0 0 0 1 2 2 0 2 2 0 2 1 1 2 2) . 17)
((0 0 0 1 0 0 1 0 2 2 1 0 0 0 1 0 2 0 2 0 0 2 1 1 2 1) . 6)
((0 0 0 1 0 1 1 1 2 1 1 0 0 1 1 1 2 1) . 2)
12300
((0 0 0 1 0 0 1 0 2 0 1 0 0 0 1 0 2 0) . 83)
((0 0 0 1 0 0 1 0 2 0 1 0 0 0 1 2 2 0 2 2 0 2 1 1 2 2) . 12)
((0 0 0 1 0 0 1 0 2 2 1 0 0 0 1 0 2 0 2 0 0 2 1 1 2 1) . 5)
12200
((0 0 0 1 0 0 1 0 2 0 1 0 0 0 1 0 2 0) . 92)
((0 0 0 1 0 0 1 0 2 2 1 0 0 0 1 0 2 0 2 0 0 2 1 1 2 1) . 5)
((0 0 0 1 0 0 1 0 2 0 1 0 0 0 1 2 2 0 2 2 0 2 1 1 2 2) . 2)
((0 0 0 1 0 0 1 0 2 0 1 0 0 0 1 2 2 0 2 2 0 1 1 1 2 0) . 1)
12100
((0 0 0 1 0 0 1 0 2 0 1 0 0 0 1 0 2 0) . 91)
((0 0 0 1 0 0 1 0 2 2 1 0 0 0 1 0 2 0 2 0 0 2 1 1 2 1) . 9)
12000
((0 0 0 1 0 0 1 0 2 0 1 0 0 0 1 0 2 0) . 100)
11900
((0 0 0 1 0 0 1 0 2 0 1 0 0 0 1 0 2 0) . 100)
11800
((0 0 0 1 0 0 1 0 2 0 1 0 0 0 1 0 2 0) . 84)
((0 0 0 1 0 0 1 0 2 0 1 0 0 0 1 2 2 0 2 2 0 2 1 2 2 1) . 16)
11700
((0 0 0 1 0 0 1 0 2 0 1 0 0 0 1 0 2 0) . 86)
((0 0 0 1 0 0 1 0 2 0 1 0 0 0 1 2 2 0 2 2 0 2 1 2 2 1) . 14)
11600
((0 0 0 1 0 0 1 0 2 0 1 0 0 0 1 0 2 0) . 53)
((0 0 0 1 0 0 1 0 2 0 1 0 0 0 1 2 2 0 2 2 0 2 1 2 2 1) . 47)
11500
((0 0 0 1 0 0 1 0 2 0 1 0 0 0 1 0 2 0) . 72)
((0 0 0 1 0 0 1 0 2 0 1 0 0 0 1 2 2 0 2 2 0 2 1 2 2 1) . 28)
11400
((0 0 0 1 0 0 1 0 2 0 1 0 0 0 1 0 2 0) . 66)
((0 0 0 1 0 0 1 0 2 0 1 0 0 0 1 2 2 0 2 2 0 2 1 2 2 1) . 28)
((0 0 0 1 0 0 1 0 2 0 1 0 0 0 1 2 2 0 2 2 0 2 1 3 2 1 3 1 0 2 1 0 2 1) . 5)
((0 0 0 1 0 0 1 0 2 0 1 0 0 0 1 3 2 0 2 2 0 2 1 2 2 1 3 1 0 3 1 2 2 2) . 1)
11300
((0 0 0 1 0 0 1 0 2 0 1 0 0 0 1 0 2 0) . 77)
((0 0 0 1 0 0 1 0 2 0 1 0 0 0 1 2 2 0 2 2 0 2 1 2 2 1) . 23)
11200
((0 0 0 1 0 0 1 0 2 0 1 0 0 0 1 0 2 0) . 68)
((0 0 0 1 0 0 1 0 2 0 1 0 0 0 1 2 2 0 2 2 0 2 1 2 2 1) . 32)
11100
((0 0 0 1 0 0 1 0 2 0 1 0 0 0 1 0 2 0) . 54)
((0 0 0 1 0 0 1 0 2 0 1 0 0 0 1 2 2 0 2 2 0 2 1 2 2 1) . 44)
((0 0 0 1 0 0 1 0 2 1 1 0 0 0 1 0 2 0) . 2)
11000
((0 0 0 1 0 0 1 0 2 1 1 0 0 0 1 0 2 0) . 40)
((0 0 0 1 0 0 1 0 2 0 1 0 0 0 1 2 2 0 2 2 0 2 1 2 2 1) . 38)
((0 0 0 1 0 0 1 0 2 0 1 0 0 0 1 0 2 0) . 22)
10900
((0 0 0 1 0 0 1 0 2 0 1 0 0 0 1 2 2 0 2 2 0 2 1 2 2 1) . 63)
((0 0 0 1 0 0 1 0 2 0 1 0 0 0 1 0 2 0) . 20)
((0 0 0 1 0 0 1 0 2 1 1 0 0 0 1 0 2 0) . 17)
10800
((0 0 0 1 0 0 1 0 2 1 1 0 0 0 1 0 2 0) . 38)
((0 0 0 1 0 0 1 0 2 0 1 0 0 0 1 2 2 0 2 2 0 2 1 2 2 1) . 37)
((0 0 0 1 0 0 1 0 2 0 1 0 0 0 1 0 2 0) . 25)
10700
((0 0 0 1 0 0 1 0 2 0 1 0 0 0 1 2 2 0 2 2 0 2 1 2 2 1) . 76)
((0 0 0 1 0 0 1 0 2 1 1 0 0 0 1 0 2 0) . 18)
((0 0 0 1 0 0 1 0 2 0 1 0 0 0 1 0 2 0) . 6)
10600
((0 0 0 1 0 0 1 0 2 0 1 0 0 0 1 2 2 0 2 2 0 2 1 2 2 1) . 77)
((0 0 0 1 0 0 1 0 2 1 1 0 0 0 1 0 2 0) . 21)
((0 0 0 1 0 0 1 0 2 0 1 0 0 0 1 0 2 0 2 2 0 0 1 1 2 1) . 1)
((0 1 0 1 0 0 1 0 2 1 1 0 0 0 1 0 2 0) . 1)
10500
((0 0 0 1 0 0 1 0 2 0 1 0 0 0 1 2 2 0 2 2 0 2 1 2 2 1) . 77)
((0 0 0 1 0 0 1 0 2 1 1 0 0 0 1 0 2 0) . 21)
((0 0 0 1 0 0 1 0 2 0 1 0 0 0 1 2 2 0 2 2 0 2 1 2 2 0) . 1)
((0 0 0 1 0 0 1 0 2 0 1 0 0 0 1 2 2 0 2 2 0 2 1 2 2 3 3 0 0 0 1 2 2 3) . 1)
10400
((0 0 0 1 0 0 1 0 2 0 1 0 0 0 1 2 2 0 2 2 0 2 1 2 2 1) . 79)
((0 0 0 1 0 0 1 0 2 0 1 0 0 0 1 2 2 0 2 2 0 2 1 2 2 3 3 0 0 0 1 2 2 4 4 0 0 0 1 1 2 2) . 11)
((0 0 0 1 0 0 1 0 2 1 1 0 0 0 1 0 2 0) . 9)
((0 0 0 1 0 0 1 0 2 0 1 0 0 0 1 2 2 0 2 2 0 2 1 2 2 3 3 1 0 0 1 3 2 3) . 1)
10300
((0 0 0 1 0 0 1 0 2 0 1 0 0 0 1 2 2 0 2 2 0 2 1 2 2 1) . 62)
((0 0 0 1 0 0 1 0 2 0 1 0 0 0 1 2 2 0 2 2 0 2 1 2 2 3 3 0 0 0 1 2 2 4 4 0 0 0 1 1 2 2) . 32)
((0 0 0 1 0 0 1 0 2 1 1 0 0 0 1 0 2 0) . 5)
((0 0 0 1 0 0 1 0 2 0 1 0 0 0 1 0 2 0 2 2 0 1 1 1 2 1) . 1)
10200
((0 0 0 1 0 0 1 0 2 0 1 0 0 0 1 2 2 0 2 2 0 2 1 2 2 3 3 0 0 0 1 2 2 4 4 0 0 0 1 1 2 2) . 58)
((0 0 0 1 0 0 1 0 2 0 1 0 0 0 1 2 2 0 2 2 0 2 1 2 2 1) . 42)
10100
((0 0 0 1 0 0 1 0 2 0 1 0 0 0 1 2 2 0 2 2 0 2 1 2 2 3 3 0 0 0 1 2 2 4 4 0 0 0 1 1 2 2) . 51)
((0 0 0 1 0 0 1 0 2 0 1 0 0 0 1 2 2 0 2 2 0 2 1 2 2 1) . 49)
10000
((0 0 0 1 0 0 1 0 2 0 1 0 0 0 1 2 2 0 2 2 0 2 1 2 2 1) . 62)
((0 0 0 1 0 0 1 0 2 0 1 0 0 0 1 2 2 0 2 2 0 2 1 2 2 3 3 0 0 0 1 2 2 4 4 0 0 0 1 1 2 2) . 38)
9900
((0 0 0 1 0 0 1 0 2 0 1 0 0 0 1 2 2 0 2 2 0 2 1 2 2 1) . 53)
((0 0 0 1 0 0 1 0 2 0 1 0 0 0 1 2 2 0 2 2 0 2 1 2 2 3 3 0 0 0 1 2 2 4 4 0 0 0 1 1 2 2) . 47)
9800
((0 0 0 1 0 0 1 0 2 0 1 0 0 0 1 2 2 0 2 2 0 2 1 2 2 1) . 82)
((0 0 0 1 0 0 1 0 2 0 1 0 0 0 1 2 2 0 2 2 0 2 1 2 2 3 3 0 0 0 1 2 2 4 4 0 0 0 1 1 2 2) . 18)
9700
((0 0 0 1 0 0 1 0 2 0 1 0 0 0 1 2 2 0 2 2 0 2 1 2 2 3 3 0 0 0 1 2 2 4 4 0 0 0 1 1 2 2) . 60)
((0 0 0 1 0 0 1 0 2 0 1 0 0 0 1 2 2 0 2 2 0 2 1 2 2 1) . 39)
((0 0 0 1 0 0 1 0 2 0 1 0 0 0 1 2 2 0 2 2 0 2 1 2 2 2 3 0 0 0 1 2 2 4 4 0 0 0 1 1 2 2) . 1)
9600
((0 0 0 1 0 0 1 0 2 0 1 0 0 0 1 2 2 0 2 2 0 2 1 2 2 3 3 0 0 0 1 2 2 4 4 0 0 0 1 1 2 2) . 65)
((0 0 0 1 0 0 1 0 2 0 1 0 0 0 1 2 2 0 2 2 0 2 1 2 2 1) . 33)
((0 0 0 1 0 0 1 0 2 0 1 0 0 0 1 2 2 0 2 2 0 2 1 2 2 3 3 0 0 0 1 2 2 2 4 0 0 0 1 1 2 2) . 2)
9500
((0 0 0 1 0 0 1 0 2 0 1 0 0 0 1 2 2 0 2 2 0 2 1 2 2 1) . 77)
((0 0 0 1 0 0 1 0 2 0 1 0 0 0 1 2 2 0 2 2 0 2 1 2 2 3 3 0 0 0 1 2 2 4 4 0 0 0 1 1 2 2) . 22)
((0 0 0 1 0 0 1 0 2 5 1 0 0 0 1 2 2 0 2 2 0 2 1 2 2 3 3 0 0 0 1 2 2 4 4 0 0 0 1 1 2 2 5 1 0 4 1 3 2 2) . 1)
9400
((0 0 0 1 0 0 1 0 2 0 1 0 0 0 1 2 2 0 2 2 0 2 1 2 2 1) . 98)
((0 0 0 1 0 0 1 0 2 0 1 0 0 0 1 2 2 0 2 2 0 2 1 2 2 3 3 0 0 0 1 2 2 4 4 0 0 0 1 1 2 2) . 2)
9300
((0 0 0 1 0 0 1 0 2 0 1 0 0 0 1 2 2 0 2 2 0 2 1 2 2 1) . 100)
9200
((0 0 0 1 0 0 1 0 2 0 1 0 0 0 1 2 2 0 2 2 0 2 1 2 2 1) . 100)
9100
((0 0 0 1 0 0 1 0 2 0 1 0 0 0 1 2 2 0 2 2 0 2 1 2 2 1) . 100)
9000
((0 0 0 1 0 0 1 0 2 0 1 0 0 0 1 2 2 0 2 2 0 2 1 2 2 1) . 100)
8900
((0 0 0 1 0 0 1 0 2 0 1 0 0 0 1 2 2 0 2 2 0 2 1 2 2 1) . 99)
((0 0 0 0 0 0 1 0 2 0 1 0 0 0 1 2 2 0 2 2 0 2 1 2 2 1) . 1)
8800
((0 0 0 1 0 0 1 0 2 0 1 0 0 0 1 2 2 0 2 2 0 2 1 2 2 1) . 100)
8700
((0 0 0 1 0 0 1 0 2 0 1 0 0 0 1 2 2 0 2 2 0 2 1 2 2 1) . 99)
((0 0 0 1 0 0 1 0 2 0 1 0 0 0 1 2 2 0 2 2 0 2 1 2 2 0) . 1)
8600
((0 0 0 1 0 0 1 0 2 0 1 0 0 0 1 2 2 0 2 2 0 2 1 2 2 1) . 100)
8500
((0 0 0 1 0 0 1 0 2 0 1 0 0 0 1 2 2 0 2 2 0 2 1 2 2 1) . 100)
8400
((0 0 0 1 0 0 1 0 2 0 1 0 0 0 1 2 2 0 2 2 0 2 1 2 2 1) . 100)
8300
((0 0 0 1 0 0 1 0 2 0 1 0 0 0 1 2 2 0 2 2 0 2 1 2 2 1) . 100)
8200
((0 0 0 1 0 0 1 0 2 0 1 0 0 0 1 2 2 0 2 2 0 2 1 2 2 1) . 96)
((0 0 0 1 0 0 1 0 2 0 1 0 0 0 1 2 2 0 2 2 0 2 1 2 2 3 3 2 0 3 1 1 2 2) . 4)
8100
((0 0 0 1 0 0 1 0 2 0 1 0 0 0 1 2 2 0 2 2 0 2 1 2 2 1) . 91)
((0 0 0 1 0 0 1 0 2 0 1 0 0 0 1 2 2 0 2 2 0 2 1 2 2 2) . 9)
8000
((0 0 0 1 0 0 1 0 2 0 1 0 0 0 1 2 2 0 2 2 0 2 1 2 2 1) . 85)
((0 0 0 1 0 0 1 0 2 0 1 0 0 0 1 2 2 0 2 2 0 2 1 2 2 2) . 15)
7900
((0 0 0 1 0 0 1 0 2 0 1 0 0 0 1 2 2 0 2 2 0 2 1 2 2 1) . 99)
((0 0 0 1 0 0 1 0 2 0 1 0 0 0 1 2 2 0 2 2 0 2 1 2 2 2) . 1)
7800
((0 0 0 1 0 0 1 0 2 0 1 0 0 0 1 2 2 0 2 2 0 2 1 2 2 1) . 100)
7700
((0 0 0 1 0 0 1 0 2 0 1 0 0 0 1 2 2 0 2 2 0 2 1 2 2 1) . 100)
7600
((0 0 0 1 0 0 1 0 2 0 1 0 0 0 1 2 2 0 2 2 0 2 1 2 2 1) . 99)
((0 0 0 1 0 0 1 0 2 3 1 0 0 0 1 2 2 0 2 2 0 2 1 2 2 1 3 1 0 3 1 2 2 3) . 1)
7500
((0 0 0 1 0 0 1 0 2 0 1 0 0 0 1 2 2 0 2 2 0 2 1 2 2 1) . 92)
((0 0 0 1 0 0 1 0 2 0 1 0 0 0 1 2 2 0 2 2 0 2 1 3 2 1 3 0 0 0 1 1 2 2) . 8)
7400
((0 0 0 1 0 0 1 0 2 0 1 0 0 0 1 2 2 0 2 2 0 2 1 2 2 1) . 100)
7300
((0 0 0 1 0 0 1 0 2 0 1 0 0 0 1 2 2 0 2 2 0 2 1 2 2 1) . 100)
7200
((0 0 0 1 0 0 1 0 2 0 1 0 0 0 1 2 2 0 2 2 0 2 1 2 2 1) . 100)
7100
((0 0 0 1 0 0 1 0 2 0 1 0 0 0 1 2 2 0 2 2 0 2 1 2 2 1) . 94)
((0 0 0 1 0 0 1 0 2 0 1 0 0 0 1 2 2 0 2 2 0 3 1 2 2 1 3 2 0 0 1 2 2 2) . 4)
((0 0 0 1 0 0 1 0 2 0 1 0 0 0 1 1 2 0 2 2 0 0 1 0 2 1) . 2)
7000
((0 0 0 1 0 0 1 0 2 0 1 0 0 0 1 2 2 0 2 2 0 2 1 2 2 1) . 95)
((0 0 0 1 0 0 1 0 2 0 1 0 0 0 1 1 2 0 2 2 0 0 1 0 2 1) . 5)
6900
((0 0 0 1 0 0 1 0 2 0 1 0 0 0 1 2 2 0 2 2 0 2 1 2 2 1) . 73)
((0 0 0 1 0 0 1 0 2 0 1 0 0 0 1 1 2 0 2 2 0 0 1 0 2 1) . 27)
6800
((0 0 0 1 0 0 1 0 2 0 1 0 0 0 1 1 2 0 2 2 0 0 1 0 2 1) . 48)
((0 0 0 1 0 0 1 0 2 0 1 0 0 0 1 2 2 0 2 2 0 2 1 2 2 1) . 42)
((0 0 0 1 0 0 1 0 2 0 1 0 0 3 1 2 2 0 2 2 0 2 1 2 2 1 3 0 0 2 1 2 2 2) . 10)
6700
((0 0 0 1 0 0 1 0 2 0 1 0 0 0 1 2 2 0 2 2 0 2 1 2 2 1) . 66)
((0 0 0 1 0 0 1 0 2 0 1 0 0 0 1 1 2 0 2 2 0 0 1 0 2 1) . 24)
((0 0 0 1 0 0 1 0 2 0 1 0 0 3 1 2 2 0 2 2 0 2 1 2 2 1 3 0 0 2 1 2 2 2) . 9)
((0 0 0 1 0 0 1 0 2 0 1 0 0 0 1 1 2 0 2 2 0 1 1 1 2 1) . 1)
6600
((0 0 0 1 0 0 1 0 2 0 1 0 0 0 1 2 2 0 2 2 0 2 1 2 2 1) . 80)
((0 0 0 1 0 0 1 0 2 0 1 0 0 0 1 1 2 0 2 2 0 0 1 0 2 1) . 14)
((0 0 0 1 0 0 1 0 2 0 1 0 0 3 1 1 2 0 2 2 0 0 1 0 2 1 3 2 0 2 1 2 2 1) . 2)
((0 0 0 1 0 0 1 0 2 3 1 0 0 0 1 2 2 0 2 2 0 2 1 2 2 1 3 0 0 0 1 0 2 1) . 2)
((0 0 0 1 0 0 1 0 2 0 1 0 0 0 1 2 2 0 2 2 0 2 1 3 2 1 3 1 0 1 1 1 2 1) . 1)
((0 0 0 1 0 0 1 0 2 0 1 0 0 0 1 0 2 0 2 2 0 1 1 0 2 1) . 1)
6500
((0 0 0 1 0 0 1 0 2 0 1 0 0 0 1 2 2 0 2 2 0 2 1 2 2 1) . 44)
((0 0 0 1 0 0 1 0 2 0 1 0 0 0 1 1 2 0 2 2 0 0 1 0 2 1) . 28)
((0 0 0 1 0 0 1 0 2 3 1 0 0 0 1 2 2 0 2 2 0 2 1 2 2 1 3 0 0 0 1 0 2 1) . 18)
((0 0 0 1 0 0 1 0 2 0 1 0 0 0 1 0 2 0 2 2 0 1 1 0 2 1) . 7)
((0 0 0 1 0 0 1 0 2 1 1 0 0 0 1 2 2 0 2 2 0 2 1 2 2 1) . 3)
6400
((0 0 0 1 0 0 1 0 2 3 1 0 0 0 1 2 2 0 2 2 0 2 1 2 2 1 3 0 0 0 1 0 2 1) . 42)
((0 0 0 1 0 0 1 0 2 0 1 0 0 0 1 2 2 0 2 2 0 2 1 2 2 1) . 38)
((0 0 0 1 0 0 1 0 2 0 1 0 0 0 1 1 2 0 2 2 0 0 1 0 2 1) . 12)
((0 0 0 1 0 0 1 0 2 0 1 0 0 0 1 0 2 0 2 2 0 1 1 0 2 1) . 5)
((0 0 0 1 0 0 1 0 2 0 1 0 0 2 1 0 2 0 2 2 0 1 1 0 2 1) . 1)
((0 0 0 1 0 0 1 0 2 3 1 0 0 0 1 2 2 0 2 2 0 2 1 2 2 1 3 0 0 0 1 0 2 4 4 2 0 2 1 1 2 2) . 1)
((0 0 0 1 0 0 1 0 2 3 1 0 0 0 1 2 2 0 2 2 0 2 1 2 2 0 3 0 0 0 1 0 2 3) . 1)
6300
((0 0 0 1 0 0 1 0 2 0 1 0 0 0 1 2 2 0 2 2 0 2 1 2 2 1) . 57)
((0 0 0 1 0 0 1 0 2 3 1 0 0 0 1 2 2 0 2 2 0 2 1 2 2 1 3 0 0 0 1 0 2 1) . 33)
((0 0 0 1 0 0 1 0 2 0 1 0 0 0 1 1 2 0 2 2 0 0 1 0 2 1) . 8)
((0 0 0 1 0 0 1 0 2 0 1 0 0 0 1 2 2 0 2 2 0 2 1 2 2 2) . 2)
6200
((0 0 0 1 0 0 1 0 2 0 1 0 0 0 1 2 2 0 2 2 0 2 1 2 2 1) . 72)
((0 0 0 1 0 0 1 0 2 0 1 0 0 0 1 1 2 0 2 2 0 0 1 0 2 1) . 21)
((0 0 0 1 0 0 1 0 2 3 1 0 0 0 1 2 2 0 2 2 0 2 1 2 2 1 3 0 0 0 1 0 2 1) . 7)
6100
((0 0 0 1 0 0 1 0 2 0 1 0 0 0 1 2 2 0 2 2 0 2 1 2 2 1) . 100)
6000
((0 0 0 1 0 0 1 0 2 0 1 0 0 0 1 2 2 0 2 2 0 2 1 2 2 1) . 100)
5900
((0 0 0 1 0 0 1 0 2 0 1 0 0 0 1 2 2 0 2 2 0 2 1 2 2 1) . 100)
5800
((0 0 0 1 0 0 1 0 2 0 1 0 0 0 1 2 2 0 2 2 0 2 1 2 2 1) . 100)
5700
((0 0 0 1 0 0 1 0 2 0 1 0 0 0 1 2 2 0 2 2 0 2 1 2 2 1) . 100)
5600
((0 0 0 1 0 0 1 0 2 0 1 0 0 0 1 2 2 0 2 2 0 2 1 2 2 1) . 100)
5500
((0 0 0 1 0 0 1 0 2 0 1 0 0 0 1 2 2 0 2 2 0 2 1 2 2 1) . 99)
((0 0 0 1 0 0 1 0 2 0 1 0 0 0 1 2 2 0 2 2 0 2 1 2 2 0) . 1)
5400
((0 0 0 1 0 0 1 0 2 0 1 0 0 0 1 2 2 0 2 2 0 2 1 2 2 1) . 100)
5300
((0 0 0 1 0 0 1 0 2 0 1 0 0 0 1 2 2 0 2 2 0 2 1 2 2 1) . 99)
((0 0 0 1 0 2 1 2 2 2 1 0 0 1 1 2 2 2 2 2 0 2 1 2 2 1) . 1)
5200
((0 0 0 1 0 0 1 0 2 0 1 0 0 0 1 2 2 0 2 2 0 2 1 2 2 1) . 100)
5100
((0 0 0 1 0 0 1 0 2 0 1 0 0 0 1 2 2 0 2 2 0 2 1 2 2 1) . 100)
5000
((0 0 0 1 0 0 1 0 2 0 1 0 0 0 1 2 2 0 2 2 0 2 1 2 2 1) . 100)
4900
((0 0 0 1 0 0 1 0 2 0 1 0 0 0 1 2 2 0 2 2 0 2 1 2 2 1) . 100)
4800
((0 0 0 1 0 0 1 0 2 0 1 0 0 0 1 2 2 0 2 2 0 2 1 2 2 1) . 99)
((0 0 0 1 0 0 1 0 2 0 1 0 0 0 1 1 2 0 2 2 0 0 1 1 2 1) . 1)
4700
((0 0 0 1 0 0 1 0 2 0 1 0 0 0 1 2 2 0 2 2 0 2 1 2 2 1) . 100)
4600
((0 0 0 1 0 0 1 0 2 0 1 0 0 0 1 2 2 0 2 2 0 2 1 2 2 1) . 100)
4500
((0 0 0 1 0 0 1 0 2 0 1 0 0 0 1 2 2 0 2 2 0 2 1 2 2 1) . 100)
4400
((0 0 0 1 0 0 1 0 2 0 1 0 0 0 1 2 2 0 2 2 0 2 1 2 2 1) . 100)
4300
((0 0 0 1 0 0 1 0 2 0 1 0 0 0 1 2 2 0 2 2 0 2 1 2 2 1) . 97)
((0 0 0 1 0 0 1 0 2 0 1 0 0 0 1 2 2 0 2 2 0 3 1 2 2 1 3 1 0 3 1 1 2 2) . 3)
4200
((0 0 0 1 0 0 1 0 2 0 1 0 0 0 1 2 2 0 2 2 0 2 1 2 2 1) . 100)
4100
((0 0 0 1 0 0 1 0 2 0 1 0 0 0 1 2 2 0 2 2 0 2 1 2 2 1) . 89)
((0 0 0 1 0 0 1 0 2 0 1 0 0 0 1 2 2 3 2 2 0 2 1 2 2 1 3 1 0 2 1 1 2 3) . 11)
4000
((0 0 0 1 0 0 1 0 2 0 1 0 0 0 1 2 2 0 2 2 0 2 1 2 2 1) . 100)
3900
((0 0 0 1 0 0 1 0 2 0 1 0 0 0 1 2 2 0 2 2 0 2 1 2 2 1) . 100)
3800
((0 0 0 1 0 0 1 0 2 0 1 0 0 0 1 2 2 0 2 2 0 2 1 2 2 1) . 100)
3700
((0 0 0 1 0 0 1 0 2 0 1 0 0 0 1 2 2 0 2 2 0 2 1 2 2 1) . 96)
((0 0 0 1 0 3 1 0 2 0 1 0 0 0 1 2 2 0 2 2 0 2 1 2 2 1 3 1 0 3 1 2 2 2) . 3)
((0 0 0 1 0 0 1 0 2 0 1 0 0 0 1 0 2 0 2 2 0 1 1 0 2 1) . 1)
3600
((0 0 0 1 0 0 1 0 2 0 1 0 0 0 1 2 2 0 2 2 0 2 1 2 2 1) . 97)
((0 0 0 1 0 0 1 3 2 0 1 0 0 0 1 2 2 0 2 2 0 2 1 2 2 1 3 1 0 2 1 3 2 1) . 2)
((0 0 0 1 0 0 1 0 2 0 1 0 0 0 1 2 2 0 2 2 0 2 1 2 2 0) . 1)
3500
((0 0 0 1 0 0 1 0 2 0 1 0 0 0 1 2 2 0 2 2 0 2 1 2 2 1) . 100)
3400
((0 0 0 1 0 0 1 0 2 0 1 0 0 0 1 2 2 0 2 2 0 2 1 2 2 1) . 100)
3300
((0 0 0 1 0 0 1 0 2 0 1 0 0 0 1 2 2 0 2 2 0 2 1 2 2 1) . 88)
((0 0 0 1 0 0 1 0 2 0 1 0 0 2 1 2 2 0 2 2 0 2 1 2 2 1) . 12)
3200
((0 0 0 1 0 0 1 0 2 0 1 0 0 0 1 2 2 0 2 2 0 2 1 2 2 1) . 67)
((0 0 0 1 0 0 1 0 2 0 1 0 0 2 1 2 2 0 2 2 0 2 1 2 2 1) . 25)
((0 0 0 1 0 0 1 0 2 0 1 0 0 0 1 0 2 0 2 2 0 0 1 0 2 1) . 8)
3100
((0 0 0 1 0 0 1 0 2 0 1 0 0 0 1 2 2 0 2 2 0 2 1 2 2 1) . 100)
3000
((0 0 0 1 0 0 1 0 2 0 1 0 0 0 1 2 2 0 2 2 0 2 1 2 2 1) . 97)
((0 0 0 1 0 0 1 0 2 3 1 0 0 0 1 2 2 0 2 2 0 2 1 2 2 1 3 0 0 2 1 1 2 1) . 2)
((0 0 0 1 0 0 1 0 2 3 1 0 0 0 1 2 2 0 2 2 0 2 1 2 2 1 3 0 0 1 1 3 2 2) . 1)
2900
((0 0 0 1 0 0 1 0 2 0 1 0 0 0 1 2 2 0 2 2 0 2 1 2 2 1) . 100)
2800
((0 0 0 1 0 0 1 0 2 0 1 0 0 0 1 2 2 0 2 2 0 2 1 2 2 1) . 100)
2700
((0 0 0 1 0 0 1 0 2 0 1 0 0 0 1 2 2 0 2 2 0 2 1 2 2 1) . 100)
2600
((0 0 0 1 0 0 1 0 2 0 1 0 0 0 1 2 2 0 2 2 0 2 1 2 2 1) . 88)
((0 0 0 1 0 0 1 0 2 0 1 0 0 0 1 1 2 0 2 2 0 0 1 0 2 1) . 12)
2500
((0 0 0 1 0 0 1 0 2 0 1 0 0 0 1 2 2 0 2 2 0 2 1 2 2 1) . 91)
((0 0 0 1 0 0 1 0 2 0 1 0 0 0 1 2 2 0 2 2 0 2 1 3 2 1 3 2 0 0 1 2 2 0) . 5)
((0 0 0 1 0 0 1 0 2 0 1 0 0 0 1 0 2 0 2 2 0 2 1 2 2 1) . 4)
2400
((0 0 0 1 0 0 1 0 2 0 1 0 0 0 1 2 2 0 2 2 0 2 1 2 2 1) . 100)
2300
((0 0 0 1 0 0 1 0 2 0 1 0 0 0 1 2 2 0 2 2 0 2 1 2 2 1) . 96)
((0 0 0 1 0 0 1 0 2 0 1 0 0 0 1 2 2 0 2 2 0 2 1 2 2 3 3 2 0 0 1 3 2 0) . 4)
2200
((0 0 0 1 0 0 1 0 2 0 1 0 0 0 1 2 2 0 2 2 0 2 1 2 2 1) . 87)
((0 0 0 1 0 0 1 0 2 0 1 0 0 0 1 2 2 0 2 2 0 2 1 2 2 3 3 2 0 0 1 3 2 0) . 7)
((0 0 0 1 0 0 1 0 2 3 1 0 0 0 1 2 2 0 2 2 0 2 1 2 2 1 3 2 0 1 1 0 2 0) . 6)
2100
((0 0 0 1 0 0 1 0 2 0 1 0 0 0 1 2 2 0 2 2 0 2 1 2 2 1) . 98)
((0 0 0 1 0 0 1 0 2 0 1 0 0 0 1 2 2 0 2 2 0 2 1 2 2 3 3 2 0 0 1 3 2 0) . 2)
2000
((0 0 0 1 0 0 1 0 2 0 1 0 0 0 1 2 2 0 2 2 0 2 1 2 2 1) . 100)
1900
((0 0 0 1 0 0 1 0 2 0 1 0 0 0 1 2 2 0 2 2 0 2 1 2 2 1) . 100)
1800
((0 0 0 1 0 0 1 0 2 0 1 0 0 0 1 2 2 0 2 2 0 2 1 2 2 1) . 100)
1700
((0 0 0 1 0 0 1 0 2 0 1 0 0 0 1 2 2 0 2 2 0 2 1 2 2 1) . 100)
1600
((0 0 0 1 0 0 1 0 2 0 1 0 0 0 1 2 2 0 2 2 0 2 1 2 2 1) . 100)
1500
((0 0 0 1 0 0 1 0 2 0 1 0 0 0 1 2 2 0 2 2 0 2 1 2 2 1) . 100)
1400
((0 0 0 1 0 0 1 0 2 0 1 0 0 0 1 2 2 0 2 2 0 2 1 2 2 1) . 78)
((0 0 0 1 0 0 1 0 2 0 1 2 0 0 1 2 2 0 2 2 0 2 1 2 2 1) . 19)
((0 0 0 1 0 0 1 0 2 0 1 0 0 0 1 2 2 0 2 2 0 3 1 2 2 1 3 1 0 2 1 2 2 3) . 2)
((0 0 0 1 0 0 1 0 2 0 1 0 0 0 1 0 2 0 2 2 0 0 1 1 2 1) . 1)
1300
((0 0 0 1 0 0 1 0 2 0 1 0 0 0 1 2 2 0 2 2 0 2 1 2 2 1) . 97)
((0 0 0 1 0 0 1 0 2 0 1 2 0 0 1 2 2 0 2 2 0 2 1 2 2 1) . 3)
1200
((0 0 0 1 0 0 1 0 2 0 1 0 0 0 1 2 2 0 2 2 0 2 1 2 2 1) . 99)
((0 0 0 1 0 0 1 0 2 0 1 0 0 0 1 2 2 0 2 2 0 2 1 2 2 3 3 1 0 0 1 1 2 3) . 1)
1100
((0 0 0 1 0 0 1 0 2 0 1 0 0 0 1 2 2 0 2 2 0 2 1 2 2 1) . 97)
((0 0 0 1 0 0 1 0 2 0 1 0 0 0 1 2 2 0 2 2 0 2 1 2 2 2) . 2)
((0 0 0 1 0 0 1 3 2 0 1 0 0 0 1 2 2 0 2 2 0 2 1 2 2 1 3 1 0 2 1 0 2 0) . 1)
1000
((0 0 0 1 0 0 1 0 2 0 1 0 0 0 1 2 2 0 2 2 0 2 1 2 2 1) . 100)
900
((0 0 0 1 0 0 1 0 2 0 1 0 0 0 1 2 2 0 2 2 0 2 1 2 2 1) . 100)
800
((0 0 0 1 0 0 1 0 2 0 1 0 0 0 1 2 2 0 2 2 0 2 1 2 2 1) . 100)
700
((0 0 0 1 0 0 1 0 2 0 1 0 0 0 1 2 2 0 2 2 0 2 1 2 2 1) . 100)
600
((0 0 0 1 0 0 1 0 2 0 1 0 0 0 1 2 2 0 2 2 0 2 1 2 2 1) . 98)
((0 0 0 1 0 0 1 0 2 0 1 0 0 0 1 0 2 0 2 2 0 0 1 1 2 1) . 2)
500
((0 0 0 1 0 0 1 0 2 0 1 0 0 0 1 2 2 0 2 2 0 2 1 2 2 1) . 100)
400
((0 0 0 1 0 0 1 0 2 0 1 0 0 0 1 2 2 0 2 2 0 2 1 2 2 1) . 100)
300
((0 0 0 1 0 0 1 0 2 0 1 0 0 0 1 2 2 0 2 2 0 2 1 2 2 1) . 100)
200
((0 0 0 1 0 0 1 0 2 0 1 0 0 0 1 2 2 0 2 2 0 2 1 2 2 1) . 100)
100
((0 0 0 1 0 0 1 0 2 0 1 0 0 0 1 2 2 0 2 2 0 2 1 2 2 1) . 100)
