1
((0 0 0 1 0 0 1 0 2 0 1 0 0 0 1 2 2 0 2 2 0 2 1 2 2 1) . 97)
((0 0 0 2 0 0 1 0 2 0 1 0 0 0 1 2 2 0 2 2 0 2 1 2 2 1) . 1)
((0 0 0 1 0 0 1 0 2 0 1 0 0 0 1 0 2 0 2 2 0 0 1 0 2 1) . 1)
((0 0 0 1 0 0 1 0 2 0 1 0 0 0 1 2 2 0 2 2 0 3 1 2 2 1 3 1 0 0 1 2 2 1) . 1)
2
((0 6 0 1 0 2 1 1 2 1 1 0 0 1 1 0 2 1 2 1 0 2 1 2 2 1 3 2 0 2 1 2 2 2 4 2 0 8 1 1 2 3 5 1 0 2 1 2 2 7 6 1 0 1 1 6 2 0 7 2 0 9 1 7 2 6 8 0 0 6 1 1 2 1 9 0 0 0 1 4 2 4) . 50)
((0 6 0 1 0 2 1 1 2 1 1 0 0 1 1 0 2 1 2 1 0 2 1 2 2 1 3 2 0 2 1 2 2 2 4 2 0 8 1 1 2 3 5 1 0 2 1 2 2 7 6 1 0 1 1 6 2 0 7 2 0 3 1 7 2 6 8 0 0 6 1 1 2 1 9 0 0 0 1 4 2 4) . 24)
((0 6 0 1 0 2 1 2 2 4 1 0 0 9 1 0 2 9 2 1 0 2 1 2 2 4 3 2 0 2 1 2 2 2 4 2 0 8 1 5 2 3 5 1 0 2 1 2 2 7 6 1 0 2 1 6 2 0 7 2 0 9 1 7 2 6 8 0 0 6 1 6 2 3 9 0 0 0 1 4 2 4) . 24)
((0 6 0 1 0 2 1 1 2 1 1 0 0 1 1 0 2 1 2 1 0 2 1 2 2 1 3 2 0 2 1 10 2 2 4 2 0 8 1 1 2 3 5 1 0 2 1 2 2 7 6 1 0 1 1 6 2 0 7 2 0 9 1 7 2 6 8 0 0 6 1 1 2 1 9 0 0 0 1 4 2 4 10 2 0 6 1 8 2 8) . 1)
((0 6 0 0 0 2 1 1 2 1 1 0 0 1 1 0 2 1 2 1 0 2 1 2 2 1 3 2 0 2 1 2 2 2 4 2 0 8 1 1 2 3 5 1 0 2 1 2 2 7 6 1 0 1 1 6 2 0 7 2 0 9 1 7 2 6 8 0 0 6 1 1 2 1 9 0 0 0 1 4 2 4) . 1)
2
((0 6 0 1 0 2 1 1 2 1 1 0 0 1 1 0 2 1 2 1 0 2 1 2 2 1 3 2 0 2 1 2 2 2 4 2 0 8 1 1 2 3 5 1 0 2 1 2 2 7 6 1 0 1 1 6 2 0 7 2 0 9 1 7 2 6 8 0 0 6 1 1 2 1 9 0 0 0 1 4 2 4) . 50)
((0 6 0 1 0 2 1 1 2 1 1 0 0 1 1 0 2 1 2 1 0 2 1 2 2 1 3 2 0 2 1 2 2 2 4 2 0 8 1 1 2 3 5 1 0 2 1 2 2 7 6 1 0 1 1 6 2 0 7 2 0 3 1 7 2 6 8 0 0 6 1 1 2 1 9 0 0 0 1 4 2 4) . 24)
((0 6 0 1 0 2 1 2 2 4 1 0 0 9 1 0 2 9 2 1 0 2 1 2 2 4 3 2 0 2 1 2 2 2 4 2 0 8 1 5 2 3 5 1 0 2 1 2 2 7 6 1 0 2 1 6 2 0 7 2 0 9 1 7 2 6 8 0 0 6 1 6 2 3 9 0 0 0 1 4 2 4) . 24)
((0 6 0 1 0 2 1 1 2 1 1 0 0 1 1 0 2 1 2 1 0 2 1 2 2 1 3 2 0 2 1 10 2 2 4 2 0 8 1 1 2 3 5 1 0 2 1 2 2 7 6 1 0 1 1 6 2 0 7 2 0 9 1 7 2 6 8 0 0 6 1 1 2 1 9 0 0 0 1 4 2 4 10 2 0 6 1 8 2 8) . 1)
((0 6 0 0 0 2 1 1 2 1 1 0 0 1 1 0 2 1 2 1 0 2 1 2 2 1 3 2 0 2 1 2 2 2 4 2 0 8 1 1 2 3 5 1 0 2 1 2 2 7 6 1 0 1 1 6 2 0 7 2 0 9 1 7 2 6 8 0 0 6 1 1 2 1 9 0 0 0 1 4 2 4) . 1)
3
((0 7 0 1 0 12 1 2 2 18 1 1 0 10 1 2 2 5 2 1 0 2 1 2 2 18 3 1 0 10 1 2 2 2 4 2 0 0 1 7 2 17 5 1 0 2 1 2 2 0 6 1 0 0 1 15 2 4 7 1 0 8 1 15 2 14 8 0 0 2 1 13 2 0 9 1 0 14 1 15 2 4 10 1 0 18 1 5 2 6 11 1 0 6 1 12 2 12 12 2 0 5 1 15 2 6 13 2 0 7 1 10 2 17 14 0 0 2 1 0 2 6 15 1 0 4 1 7 2 10 16 0 0 0 1 8 2 5 17 1 0 1 1 13 2 1 18 2 0 10 1 15 2 7) . 54)
((0 7 0 1 0 12 1 2 2 18 1 1 0 10 1 2 2 5 2 1 0 2 1 2 2 18 3 1 0 10 1 2 2 2 4 2 0 0 1 7 2 17 5 1 0 2 1 2 2 0 6 1 0 0 1 15 2 4 7 1 0 8 1 15 2 14 8 0 0 2 1 13 2 0 9 1 0 14 1 15 2 4 10 1 0 6 1 5 2 6 11 1 0 6 1 12 2 12 12 2 0 5 1 15 2 6 13 2 0 7 1 10 2 17 14 1 0 2 1 0 2 6 15 1 0 4 1 7 2 10 16 0 0 0 1 8 2 5 17 1 0 1 1 13 2 1 18 2 0 10 1 15 2 7) . 37)
((0 7 0 1 0 12 1 2 2 18 1 1 0 10 1 2 2 5 2 1 0 2 1 2 2 18 3 1 0 10 1 2 2 2 4 2 0 0 1 7 2 17 5 1 0 2 1 2 2 0 6 1 0 15 1 15 2 4 7 1 0 8 1 15 2 14 8 0 0 2 1 13 2 0 9 1 0 14 1 15 2 4 10 1 0 18 1 5 2 6 11 1 0 6 1 12 2 12 12 2 0 5 1 15 2 6 13 2 0 7 1 10 2 17 14 0 0 2 1 0 2 6 15 1 0 4 1 7 2 10 16 0 0 0 1 8 2 5 17 1 0 1 1 13 2 1 18 2 0 10 1 15 2 7) . 7)
((0 17 0 1 0 12 1 2 2 18 1 1 0 10 1 2 2 5 2 1 0 2 1 2 2 18 3 1 0 10 1 2 2 2 4 2 0 0 1 7 2 17 5 1 0 2 1 2 2 0 6 1 0 0 1 15 2 4 7 1 0 8 1 15 2 14 8 0 0 2 1 13 2 0 9 1 0 14 1 15 2 4 10 1 0 18 1 5 2 6 11 1 0 6 1 12 2 12 12 2 0 5 1 15 2 6 13 2 0 7 1 10 2 17 14 0 0 2 1 0 2 6 15 1 0 4 1 7 2 10 16 0 0 0 1 8 2 5 17 1 0 1 1 13 2 1 18 2 0 10 1 15 2 7) . 1)
((0 7 0 1 0 12 1 2 2 18 1 1 0 10 1 2 2 5 2 1 0 2 1 2 2 18 3 1 0 10 1 2 2 2 4 2 0 0 1 7 2 17 5 1 0 2 1 2 2 0 6 1 0 0 1 15 2 4 7 1 0 8 1 15 2 14 8 0 0 2 1 13 2 0 9 1 0 14 1 15 2 4 10 1 0 18 1 5 2 6 11 1 0 6 1 12 2 12 12 2 0 5 1 15 2 6 13 2 0 7 1 10 2 17 14 0 0 2 1 0 2 6 15 1 0 4 1 7 2 10 16 0 0 0 1 8 2 5 17 1 0 1 1 13 2 1 18 2 0 19 1 15 2 7 19 2 0 2 1 17 2 16) . 1)

