50,50
42,58
41,59
42,59
46,59
47,60
47,61
49,62
49,62
50,63
52,63
55,62
59,62
59,62
62,63
63,62
65,61
67,60
71,60
73,60
76,61
75,62
77,63
79,61
80,59
82,60
82,61
83,60
86,58
85,58
88,56
89,56
91,55
93,55
94,54
95,54
96,54
96,54
96,55
95,55
97,57
100,58
98,58
101,57
101,56
102,55
101,55
100,55
101,56
102,55
102,55
103,54
106,54
106,54
109,54
111,53
113,54
116,55
118,55
118,55
123,54
124,53
127,53
127,53
127,53
127,50
126,50
128,50
129,50
131,51
135,51
133,51
135,51
134,52
135,51
137,51
139,50
141,51
140,50
138,50
138,50
138,49
137,50
135,51
135,50
135,49
139,49
139,48
141,48
144,47
144,47
141,48
144,48
141,49
142,50
142,51
142,51
144,50
147,51
147,52
148,52
145,52
146,51
147,51
147,52
149,52
148,50
151,48
154,47
157,47
158,48
157,48
157,46
159,45
160,45
162,45
164,44
163,44
167,43
165,43
165,42
164,42
162,42
164,42
166,42
166,40
166,41
166,41
168,42
168,42
171,42
170,41
170,42
171,41
172,41
168,38
170,37
169,36
170,37
171,36
173,35
174,35
173,34
175,34
176,33
177,33
175,31
175,30
176,30
174,29
177,29
178,28
177,28
178,27
180,26
182,26
179,26
181,26
180,26
180,26
181,26
181,26
182,25
185,25
185,25
187,25
189,25
193,25
191,25
192,25
194,25
197,25
198,25
198,25
197,25
198,24
197,24
198,24
200,24
199,24
200,24
200,24
199,25
204,25
205,24
204,24
203,23
200,24
204,24
208,24
213,24
215,24
215,24
214,24
213,23
209,23
208,23
207,23
207,23
207,23
208,22
205,23
207,23
206,23
205,23
204,23
203,23
206,23
204,23
205,23
205,22
204,22
201,22
202,22
203,22
203,22
203,22
203,22
204,22
207,22
204,22
203,22
204,22
204,21
205,21
206,21
208,22
206,22
206,22
208,23
208,22
209,22
212,22
213,22
210,22
213,22
209,22
209,22
210,22
214,22
216,22
216,22
220,22
218,22
220,22
218,22
220,22
221,22
223,22
222,22
221,22
219,21
216,21
217,21
221,21
219,21
215,21
218,21
217,21
216,21
217,21
216,21
216,21
217,21
217,21
216,21
218,20
216,20
215,20
217,19
217,19
215,19
216,19
216,19
219,19
219,19
219,19
219,18
218,19
216,19
217,19
218,19
219,19
219,19
218,19
219,19
217,18
213,17
215,17
217,17
221,18
222,17
224,17
224,17
224,17
222,17
223,17
225,17
224,16
226,16
226,16
224,16
225,16
225,15
226,15
227,16
225,16
224,16
225,16
227,16
226,16
224,16
223,16
221,15
221,15
222,15
221,15
221,15
221,15
219,15
221,15
222,16
222,15
218,15
219,15
219,15
221,15
219,15
220,15
218,15
218,15
217,15
217,15
215,15
213,14
212,14
211,15
213,15
215,15
215,15
215,15
214,15
216,15
216,14
217,14
213,14
215,14
215,14
216,14
216,14
216,14
219,14
222,14
226,14
224,14
223,14
223,14
220,14
220,14
221,15
222,15
223,15
221,15
221,15
220,15
221,15
219,15
219,15
217,15
216,14
219,14
217,14
217,13
218,12
223,12
222,12
223,12
222,12
222,11
221,11
222,11
222,11
220,11
223,11
224,11
224,12
225,12
225,12
224,12
223,12
227,12
227,12
226,12
226,11
224,11
222,11
222,12
222,12
221,12
223,12
221,12
218,13
218,13
216,14
216,15
217,16
219,16
218,16
218,16
217,17
219,17
218,16
218,16
218,16
224,16
225,16
224,16
221,16
218,17
218,17
215,17
217,16
218,16
220,16
221,15
220,15
221,15
220,15
219,15
215,14
215,15
214,15
213,15
211,15
212,15
212,15
210,15
210,14
212,14
210,14
210,14
211,14
204,14
204,14
206,13
207,13
208,13
209,13
211,13
211,13
210,13
212,13
211,13
213,13
214,13
212,13
211,13
211,13
211,13
209,13
208,13
208,13
209,11
209,11
211,10
213,10
219,10
219,10
219,10
219,9
222,9
224,9
226,9
227,8
226,8
228,8
227,8
226,8
224,8
225,8
224,8
224,8
221,9
222,9
223,9
221,9
224,9
226,9
224,9
221,9
220,8
222,8
223,8
225,8
227,8
229,7
228,7
229,7
231,7
230,7
230,7
