50,100
42,108
45,110
46,112
48,114
51,113
51,113
53,115
54,116
57,117
57,117
56,116
58,118
59,118
59,117
57,117
57,119
57,119
57,121
58,120
58,121
58,120
57,123
58,123
60,123
62,122
62,121
63,121
64,121
65,122
66,124
69,124
69,125
70,127
71,126
72,125
73,125
74,125
72,128
74,128
74,128
76,131
78,130
79,129
81,129
82,129
81,131
82,130
83,133
87,133
88,135
88,131
90,131
91,130
94,131
94,135
97,136
97,137
97,136
99,135
101,133
102,133
105,133
107,132
109,133
110,132
108,134
111,133
110,131
111,131
114,131
114,131
115,131
115,130
116,130
117,130
117,131
116,132
118,132
118,135
119,135
120,135
122,133
123,136
122,136
124,135
124,135
122,135
124,137
125,137
124,137
127,135
128,135
127,134
131,135
135,135
136,138
137,138
138,138
140,141
142,140
143,140
145,138
147,136
148,136
148,139
149,140
150,141
151,142
154,142
153,145
149,146
152,147
150,149
156,149
157,149
158,150
160,150
157,152
160,151
160,153
162,154
161,153
161,154
160,153
161,154
161,154
163,153
165,152
166,152
170,149
168,150
168,148
172,148
175,148
176,151
177,152
176,152
178,153
179,154
181,154
182,154
178,151
178,153
180,152
179,149
181,145
183,144
184,143
185,142
184,142
186,142
187,143
185,146
186,147
185,147
184,145
186,142
189,145
188,147
188,147
190,145
189,145
186,145
186,145
187,146
186,150
185,152
186,153
187,155
189,152
191,152
193,153
194,152
194,152
194,151
194,151
196,153
192,157
194,157
197,156
202,156
205,155
207,156
207,156
209,158
209,160
214,159
215,158
218,159
219,160
220,161
221,159
221,159
220,157
218,158
218,158
217,161
219,162
219,162
222,161
219,163
217,162
216,159
217,160
219,161
218,159
221,160
221,158
222,156
221,157
223,157
224,158
222,160
225,162
226,161
227,164
227,164
228,165
229,166
231,164
233,161
235,159
235,155
235,155
234,155
235,156
232,156
232,155
233,154
233,155
237,153
239,151
237,153
238,152
240,151
242,153
241,152
240,153
243,155
241,156
240,156
239,156
240,155
240,152
242,151
247,151
247,153
249,151
248,150
250,149
250,147
248,148
248,146
247,146
250,145
251,146
252,145
249,146
251,142
253,142
254,142
255,142
257,143
260,143
257,145
253,146
254,147
253,149
254,146
251,145
251,149
250,149
247,149
245,149
247,147
248,148
250,147
253,145
256,145
257,146
257,146
257,146
257,145
255,148
255,149
257,148
255,149
256,146
257,147
256,150
257,148
256,147
255,148
255,148
255,149
255,149
257,150
258,151
259,152
258,153
259,149
256,151
259,148
257,152
253,154
253,156
254,155
251,155
251,155
254,153
252,154
250,153
247,151
248,151
248,150
246,151
245,148
244,147
247,149
250,148
248,147
249,147
251,148
253,146
250,145
249,144
248,143
248,142
246,143
247,142
247,145
248,144
251,144
250,143
249,145
249,148
249,146
247,148
247,149
250,149
249,149
246,150
249,149
249,152
254,153
254,152
255,152
256,151
255,150
254,149
253,150
255,150
257,151
255,148
258,146
256,144
254,143
256,143
257,144
256,144
256,146
259,148
261,147
260,145
257,145
259,145
254,147
256,148
254,147
255,146
256,148
255,149
255,149
257,148
258,149
255,147
250,152
249,153
249,152
251,148
252,149
254,151
254,151
253,150
252,149
253,146
254,147
256,148
255,148
258,147
256,147
254,147
250,147
244,146
246,145
249,141
250,140
248,141
242,143
242,143
239,144
238,144
241,142
236,144
236,143
237,141
237,142
239,142
238,143
235,143
232,143
231,144
231,143
230,142
227,141
225,142
224,142
225,142
223,143
223,145
224,143
225,141
227,142
227,140
227,142
226,139
225,141
225,142
224,144
224,147
226,148
229,147
229,148
234,149
233,148
231,147
230,146
230,147
230,147
232,148
232,149
233,149
232,150
232,153
233,149
230,149
233,150
235,150
234,151
237,149
238,147
238,148
235,150
236,148
236,148
237,148
234,148
232,150
230,151
232,153
230,156
228,157
227,155
229,156
226,157
224,161
222,162
223,161
221,161
216,163
214,161
214,159
216,160
215,158
219,158
219,157
220,157
218,158
217,157
218,158
216,160
213,163
215,164
215,164
219,163
219,166
218,163
217,162
217,162
216,164
217,163
216,164
216,166
217,167
219,164
220,166
222,166
224,165
226,165
228,166
