600,200
597,203
592,205
590,206
586,203
586,201
583,202
578,203
574,206
571,206
571,208
569,207
567,206
565,209
566,208
563,209
562,209
561,208
561,208
560,210
556,211
558,209
558,208
553,212
549,215
550,216
547,218
549,216
548,218
543,223
539,223
546,219
540,222
539,218
540,216
537,217
531,217
529,219
530,224
532,222
528,224
525,224
521,226
518,229
522,227
521,228
521,229
521,231
522,230
523,231
524,230
521,231
526,229
523,231
522,233
524,230
521,229
516,229
517,229
516,232
516,232
514,234
516,232
515,232
516,230
516,228
513,229
509,227
507,227
508,226
508,224
509,223
507,225
507,226
503,228
504,230
504,232
506,229
505,229
508,229
509,228
510,227
511,228
507,231
504,231
504,232
501,233
499,230
495,228
494,227
493,229
489,230
485,233
482,235
481,236
476,237
474,241
469,245
463,251
463,250
465,246
463,247
458,252
461,249
455,250
456,250
454,254
454,254
453,255
454,251
457,249
457,248
452,252
449,251
445,251
442,253
443,252
442,251
443,249
446,248
444,252
444,252
441,253
445,255
444,255
440,258
441,256
438,257
436,256
431,261
430,263
431,262
429,265
428,266
431,264
428,265
426,265
426,261
424,262
425,261
427,263
427,264
429,265
425,270
427,273
425,276
423,277
424,277
424,273
424,270
425,266
424,267
425,268
424,264
426,265
423,264
423,262
419,263
417,264
419,262
416,267
411,267
408,269
405,273
404,272
403,273
403,275
401,275
398,278
395,279
394,281
388,283
386,283
386,284
393,282
391,284
388,287
390,286
393,285
390,285
385,289
386,289
385,290
384,287
384,284
380,286
376,288
377,289
378,289
373,290
369,290
369,290
367,292
365,293
363,291
363,290
364,288
363,287
362,289
363,290
363,288
362,289
360,290
357,293
356,297
358,295
360,294
360,298
363,298
358,302
357,301
360,299
361,301
363,300
361,299
360,297
359,296
362,296
360,296
359,298
358,301
359,303
356,305
357,306
355,306
352,309
352,310
347,317
347,317
344,318
344,320
342,319
341,317
339,317
337,318
340,314
340,312
337,310
338,309
336,310
336,313
335,314
334,315
334,317
333,317
331,318
327,320
326,321
326,322
325,323
328,323
327,321
326,323
328,320
327,320
328,319
328,317
327,317
326,316
324,318
324,317
323,318
322,318
322,318
320,320
322,318
324,317
323,318
322,319
318,319
318,320
317,321
318,324
320,322
324,317
320,321
317,324
315,325
310,328
312,328
311,329
311,327
307,328
304,330
304,329
304,330
301,331
301,333
303,336
302,339
298,342
298,346
295,350
293,353
288,359
290,358
288,356
287,357
282,360
279,359
281,362
278,364
280,360
277,363
275,366
273,368
272,370
273,372
274,372
272,373
268,376
268,374
267,373
266,378
263,378
261,381
261,383
262,382
262,382
264,385
264,384
263,384
263,385
260,388
264,390
262,392
261,393
259,397
257,399
257,398
257,397
256,397
260,395
260,392
261,391
262,388
262,390
263,388
263,387
260,388
262,389
266,391
261,397
261,398
260,397
257,401
256,402
256,404
256,403
257,406
255,406
254,409
254,409
257,406
253,407
253,405
254,406
256,404
255,405
252,409
253,408
253,408
253,410
251,411
251,412
251,413
252,416
250,415
252,418
254,415
252,418
253,419
255,415
256,413
255,414
255,416
256,414
255,415
255,414
254,415
253,418
252,420
252,421
250,422
250,421
252,419
251,417
252,413
249,418
247,417
245,421
242,423
242,425
243,426
242,425
237,428
235,434
236,437
236,439
237,441
240,440
237,441
235,444
236,443
235,445
234,446
234,448
231,448
229,447
227,447
228,446
228,451
229,450
226,450
226,453
227,453
225,453
227,452
227,451
226,451
226,451
223,454
222,453
220,453
218,454
215,456
216,455
214,457
214,457
213,459
215,458
215,461
213,465
214,469
214,470
216,472
216,477
213,479
214,481
213,484
213,483
211,487
209,491
207,494
206,497
205,502
206,503
204,505
202,507
201,509
201,507
200,509
201,513
203,511
203,513
202,515
199,518
198,520
199,523
198,523
197,525
196,527
195,528
193,533
190,538
189,539
190,537
188,540
186,548
184,552
184,551
184,554
183,559
181,564
180,564
182,566
184,563
184,567
182,573
181,573
181,576
178,581
176,586
176,586
173,588
171,590
173,591
173,591
172,592
170,596
171,598
174,599
173,601
173,600
170,605
170,606
169,606
168,606
165,609
166,609
166,609
