400,400
393,407
394,404
391,404
391,404
394,402
390,405
390,405
390,407
393,403
390,406
389,409
391,409
390,409
388,408
389,407
390,404
390,404
391,402
393,402
389,404
389,407
388,408
386,410
384,413
385,414
382,415
379,417
376,422
377,424
374,425
371,428
373,426
371,429
366,434
366,436
364,436
362,439
364,435
363,439
361,441
361,439
362,439
362,441
363,440
361,439
362,440
360,445
358,447
354,450
353,451
351,454
346,459
344,461
343,464
346,463
346,462
346,462
349,462
346,463
344,466
347,465
342,466
340,470
338,473
339,472
337,472
336,474
334,477
334,478
336,474
339,475
341,474
338,477
339,478
337,480
336,482
336,482
338,484
335,487
331,492
329,493
323,499
323,503
324,505
322,506
321,505
322,505
319,505
318,503
317,503
314,506
314,509
314,508
313,511
315,509
308,518
307,520
305,523
309,522
308,523
305,525
301,530
299,532
293,538
289,542
292,540
291,542
292,540
288,543
289,546
285,552
283,552
279,557
277,560
276,560
273,564
270,566
269,569
270,570
267,575
266,576
268,574
265,577
263,580
263,583
260,588
257,592
259,590
259,591
255,596
251,599
252,601
251,603
251,604
252,602
248,603
248,600
245,605
242,608
240,610
239,612
240,612
236,617
234,618
232,620
232,619
231,620
232,621
232,620
233,619
233,622
232,623
230,624
229,627
230,626
230,626
231,626
233,627
233,625
232,626
229,628
229,629
227,629
227,630
226,634
226,634
227,633
225,635
223,637
223,638
223,638
222,641
219,645
216,648
217,649
217,651
220,652
217,655
215,657
216,657
215,658
212,661
213,662
213,663
212,662
213,663
217,661
217,661
214,665
212,667
211,671
213,672
209,676
208,680
205,685
204,686
204,686
206,686
205,686
205,684
203,687
203,689
200,692
200,693
200,695
200,697
199,697
198,699
196,702
194,704
193,706
194,705
191,708
189,711
185,714
183,717
183,717
183,716
182,717
178,721
179,721
178,724
175,725
175,725
176,725
178,725
178,727
179,726
179,729
177,732
175,736
174,736
172,737
172,739
173,740
173,741
175,741
175,739
173,742
172,743
169,747
168,749
169,749
167,752
167,755
165,757
164,759
162,762
161,764
162,763
159,768
160,768
158,772
158,774
159,773
159,773
158,773
156,775
155,778
153,781
152,782
150,784
149,785
149,785
148,787
146,789
146,789
145,789
145,789
142,792
141,793
142,793
142,793
142,793
141,794
140,795
139,796
139,797
139,798
139,798
138,799
139,798
136,803
134,807
132,809
131,810
131,810
129,812
128,814
128,815
129,813
130,814
129,817
127,818
128,820
127,821
127,821
128,820
128,820
125,823
124,825
123,825
120,828
119,829
118,830
116,831
115,833
115,833
115,833
114,833
113,835
112,836
111,840
111,840
112,839
112,840
111,841
110,842
110,842
107,846
107,846
109,845
109,845
109,847
108,848
108,848
109,848
108,850
107,852
108,851
108,851
107,852
106,853
105,854
105,854
105,854
101,859
101,859
100,860
99,861
98,862
97,863
97,863
97,863
96,864
96,866
96,867
96,868
95,869
96,869
94,872
90,876
89,877
87,879
87,880
88,879
85,882
85,881
84,881
83,883
83,884
84,884
84,885
82,887
80,889
80,888
80,888
80,889
80,890
80,890
79,891
79,891
78,892
76,893
74,895
74,895
73,896
72,897
71,898
70,900
69,901
69,901
69,901
69,901
69,902
67,904
67,904
66,905
65,907
66,906
64,908
63,908
64,906
63,907
63,907
62,908
61,909
60,911
59,913
59,913
58,915
58,915
59,914
58,915
59,915
58,916
58,916
59,915
58,916
57,917
57,917
55,919
54,919
54,919
55,919
56,918
56,918
56,919
56,919
56,919
56,920
58,918
58,918
58,919
58,920
58,920
57,921
57,921
57,921
57,922
55,924
52,927
51,927
51,927
51,926
51,927
51,927
50,929
51,928
51,928
51,928
49,930
47,932
46,932
45,933
44,934
44,934
44,934
43,935
42,937
43,936
43,938
42,939
42,939
41,940
42,939
42,939
42,939
42,939
42,939
42,939
43,938
43,938
43,938
43,938
42,939
41,940
41,940
41,940
41,940
41,940
40,941
40,941
40,941
40,941
39,942
39,942
39,944
37,946
37,946
37,947
36,948
34,950
33,951
33,951
33,951
33,951
33,951
33,951
33,951
30,955
30,955
29,956
29,957
29,958
28,959
28,959
27,960
27,960
27,960
