50,150
43,157
44,158
46,160
49,162
48,165
48,165
50,166
51,167
52,167
53,170
53,176
55,174
57,179
57,181
57,181
58,183
59,185
60,188
60,191
63,191
64,193
65,196
65,197
66,197
69,198
70,203
72,202
73,205
72,208
75,208
78,208
76,209
79,211
80,214
81,217
83,215
82,218
82,219
83,219
84,219
85,219
87,224
85,226
86,231
86,233
87,236
88,237
89,238
88,244
87,248
88,252
91,252
93,254
91,257
91,259
90,260
90,265
90,266
90,272
91,275
92,274
94,276
95,280
98,280
99,284
100,288
101,290
102,292
104,295
106,298
106,302
104,307
106,307
106,312
104,313
106,314
107,318
106,324
106,326
105,328
106,326
104,329
104,329
106,326
105,330
104,333
104,333
105,335
108,333
110,334
110,332
110,331
111,332
113,336
113,337
111,341
113,345
113,346
114,347
114,347
114,348
115,349
118,346
119,346
119,347
121,349
122,351
124,351
126,349
125,351
126,353
127,355
128,353
128,351
129,352
131,352
131,353
129,358
128,359
128,360
127,362
131,361
131,365
132,365
131,368
131,370
131,370
131,372
133,373
133,374
134,375
136,376
136,377
135,382
136,386
132,388
132,389
132,391
132,392
135,393
137,397
139,396
141,397
142,395
144,397
145,399
143,404
141,410
141,415
142,412
141,414
140,420
139,424
142,427
144,429
146,430
146,429
145,431
145,432
145,435
150,432
148,434
149,435
151,432
150,436
149,436
150,438
151,440
149,442
150,443
153,441
153,445
152,447
153,445
156,445
154,449
151,451
149,452
148,456
149,455
153,454
154,456
154,458
151,465
152,463
154,462
154,464
153,469
153,470
152,475
152,474
153,474
154,473
153,474
153,475
152,480
152,479
150,482
149,482
148,485
144,490
144,492
144,492
141,496
139,499
140,500
140,503
137,509
136,510
137,514
135,516
135,522
134,522
134,526
132,531
128,534
131,532
132,535
131,536
131,538
130,544
131,546
132,546
130,551
130,553
127,557
127,558
128,559
125,563
127,562
123,565
122,568
122,569
122,571
121,573
121,575
118,579
115,584
116,584
115,588
116,589
117,592
114,595
115,595
115,595
117,593
117,597
118,598
118,599
118,599
116,601
117,602
116,605
116,606
112,610
113,612
112,614
112,616
113,618
113,618
113,618
113,620
112,624
108,630
109,633
108,634
107,639
106,641
106,642
104,643
101,646
101,647
101,652
102,652
100,654
99,655
98,659
99,661
100,662
99,666
99,667
100,670
100,673
100,673
101,676
101,677
100,680
99,684
100,686
98,688
97,689
95,693
94,696
92,701
90,705
90,706
90,706
90,707
88,710
89,708
88,709
87,711
87,711
89,709
89,711
87,713
85,716
85,717
85,720
84,721
85,721
84,724
86,722
84,726
84,728
84,728
84,730
86,727
85,731
85,731
85,731
86,730
88,729
89,729
86,733
85,737
85,739
84,740
83,741
83,743
82,745
81,745
80,748
80,750
80,751
80,753
79,754
78,757
79,756
79,759
80,762
80,762
80,765
81,766
83,764
84,763
83,768
82,769
80,771
80,772
80,773
82,772
81,775
82,774
81,776
81,778
82,778
81,780
81,782
81,782
82,784
81,786
81,787
80,789
81,790
82,789
80,791
80,792
80,794
79,795
78,796
76,801
74,804
74,806
75,806
75,807
75,806
74,809
75,809
76,808
76,809
74,812
73,814
72,815
72,814
73,814
72,816
74,813
74,814
74,815
73,817
73,819
73,818
72,819
70,824
71,823
70,825
70,826
69,829
70,827
68,829
67,830
67,830
66,831
67,830
66,832
64,835
62,838
62,838
61,839
60,842
60,844
61,843
61,844
61,844
61,844
60,846
59,847
56,850
56,852
57,854
58,853
58,855
58,856
58,857
58,859
57,860
58,859
58,859
58,860
57,863
57,863
58,863
58,863
58,864
58,864
58,865
58,867
58,868
57,869
57,871
56,873
54,876
55,875
56,874
56,873
56,874
55,877
55,876
55,877
55,877
56,876
56,877
56,878
57,878
57,878
55,881
55,881
55,881
57,880
57,881
56,882
56,882
53,886
53,886
52,887
51,889
50,890
49,891
48,892
48,892
47,893
47,893
47,894
46,895
46,896
46,896
44,899
44,899
43,900
43,901
43,902
43,903
42,904
41,906
41,906
40,908
40,908
40,908
40,909
41,908
41,909
42,908
42,908
41,908
41,908
40,909
40,911
40,911
40,912
