50,250
41,259
42,263
42,265
42,265
43,266
46,271
46,277
46,281
45,287
45,288
44,295
46,297
47,300
47,305
46,309
46,315
48,320
48,324
47,327
48,330
49,335
50,338
49,342
49,349
50,350
51,352
52,359
53,361
54,364
55,369
55,372
56,379
56,382
56,384
57,384
55,393
57,395
57,398
60,401
59,405
59,408
61,407
60,408
60,410
61,414
61,417
61,421
59,427
60,429
59,436
58,442
59,446
59,449
61,449
61,450
62,453
62,457
65,455
63,461
63,461
64,465
64,471
64,475
65,477
65,482
65,486
63,491
64,496
62,502
63,505
63,509
63,513
64,518
65,521
64,527
63,530
62,533
62,537
62,538
63,540
63,542
64,543
63,545
64,547
64,550
65,554
64,559
64,560
63,564
62,568
62,569
61,573
61,575
61,581
60,584
60,586
58,587
57,589
56,593
55,601
55,603
54,607
52,614
52,617
52,619
52,623
53,628
52,632
52,633
51,637
50,641
49,644
50,645
51,648
51,650
50,655
50,659
52,659
54,660
56,660
56,661
57,660
58,661
59,662
57,666
57,668
58,671
58,673
58,677
58,678
57,682
55,687
56,691
57,696
57,698
57,700
57,704
56,708
56,708
56,713
53,717
53,720
54,720
54,724
54,725
54,724
53,726
53,727
52,727
52,730
52,732
52,732
52,735
53,736
52,740
52,742
52,743
51,744
50,749
49,751
49,751
50,752
50,755
48,758
47,762
47,766
45,768
45,769
45,770
45,772
45,774
45,777
46,777
45,779
45,780
45,782
45,787
44,789
43,792
44,792
44,798
43,799
43,799
43,798
43,803
43,805
43,808
43,810
44,809
44,809
44,808
44,809
43,810
43,811
42,811
42,813
41,816
41,819
42,819
42,821
41,825
41,826
41,827
42,827
41,832
41,833
41,834
40,835
40,835
40,836
40,836
39,839
39,838
40,837
40,838
40,840
40,841
40,842
40,843
39,845
39,846
40,845
40,846
40,849
40,850
39,852
39,855
38,858
37,860
37,860
37,864
37,865
36,867
36,868
34,871
33,874
33,875
33,875
34,876
32,879
32,880
32,882
31,883
31,884
30,886
30,887
29,889
29,890
29,891
29,892
29,892
29,892
30,892
30,892
30,892
30,892
28,895
28,895
27,896
27,896
27,896
28,896
28,896
27,897
26,899
26,899
26,899
25,901
24,902
25,902
25,904
26,904
26,904
25,906
25,907
26,907
26,906
26,906
26,908
26,909
26,909
26,909
25,911
24,912
25,912
25,912
23,914
23,916
23,916
22,918
22,919
22,920
21,921
21,922
21,923
21,923
20,924
20,926
20,925
20,925
19,928
19,928
20,928
20,928
19,930
18,931
18,931
18,932
17,933
18,933
18,935
18,936
18,936
18,936
17,937
17,938
17,938
17,938
17,939
17,941
18,941
18,941
17,942
17,943
17,943
17,943
17,943
17,943
17,943
17,943
17,944
17,944
17,946
17,947
17,948
17,948
17,948
16,949
15,951
15,952
15,952
15,953
15,954
15,954
16,953
16,953
16,954
16,954
15,955
14,957
14,957
14,958
14,958
14,959
14,959
14,959
14,959
14,959
14,959
14,959
14,959
14,959
14,959
14,960
14,961
14,961
14,962
14,962
14,962
14,962
13,964
12,965
12,965
12,965
12,966
12,967
12,967
12,967
12,967
12,967
12,967
12,967
13,967
13,967
13,967
13,967
13,967
13,967
13,968
13,968
13,968
13,968
13,970
13,970
13,971
13,971
12,972
11,973
11,973
11,973
11,973
11,973
11,973
10,974
10,975
10,975
10,975
10,975
10,975
10,976
10,976
10,976
10,976
10,976
10,976
10,976
10,976
10,976
10,976
10,976
10,976
10,976
10,976
10,976
10,976
10,976
10,976
10,976
10,976
9,977
9,977
9,977
9,977
9,977
9,977
9,978
9,978
9,978
9,978
9,978
9,978
8,979
8,979
8,981
8,982
7,983
8,982
8,983
8,983
8,983
8,983
8,983
8,983
8,983
8,983
8,983
8,983
8,983
8,983
8,983
8,983
8,983
8,983
8,983
8,983
8,983
8,983
8,983
8,983
8,983
8,983
8,984
7,985
7,985
7,985
7,985
7,985
7,985
7,985
7,985
7,985
7,985
7,986
7,986
7,986
7,986
7,986
7,986
7,986
7,986
7,986
7,986
7,986
7,986
7,986
7,986
7,986
7,986
6,987
6,988
