50,350
40,360
39,365
39,369
39,375
39,380
37,383
35,385
36,389
37,390
38,391
38,395
39,399
40,402
41,403
40,407
40,414
39,417
40,421
41,422
41,426
42,430
42,433
42,433
43,438
43,439
43,444
43,445
43,450
42,453
42,454
42,461
43,463
43,466
43,470
45,470
46,476
46,480
48,482
48,485
47,489
48,491
48,498
49,500
49,505
48,511
48,514
50,518
50,520
50,523
50,526
50,529
51,535
52,535
52,537
53,536
55,537
53,541
52,547
53,550
53,553
53,555
52,557
52,563
52,568
52,573
52,576
53,579
53,583
53,587
54,589
53,594
53,599
53,603
54,605
54,609
53,612
53,615
53,615
53,619
52,623
53,622
53,624
53,629
52,632
55,633
54,638
55,639
54,642
55,643
56,645
54,647
53,650
53,651
53,656
53,658
53,661
54,662
55,661
54,667
54,670
55,669
55,670
55,674
54,676
54,680
55,680
54,683
55,683
56,683
55,684
51,689
51,690
49,695
48,698
48,699
49,701
49,703
49,704
49,708
48,712
48,713
46,716
46,716
47,715
49,713
48,716
48,721
47,723
48,723
47,727
46,729
46,730
47,732
47,732
47,732
47,733
49,735
47,739
48,740
48,741
48,743
48,744
48,745
48,746
47,749
47,749
47,752
47,755
46,759
45,761
45,764
45,765
46,767
45,771
45,771
45,772
45,775
44,775
45,776
45,778
46,778
46,779
46,781
46,786
45,789
45,791
45,791
45,791
43,794
43,794
43,798
43,799
44,799
45,801
45,803
45,806
45,809
44,812
43,813
43,815
42,817
42,820
41,820
41,820
40,822
40,823
40,826
40,826
40,828
40,831
40,833
39,834
39,836
39,836
39,840
38,841
38,841
39,840
39,843
39,845
39,846
39,847
40,847
40,848
40,850
39,852
39,853
39,853
39,854
39,855
39,855
39,856
38,858
38,859
37,861
36,862
37,863
36,865
36,865
36,865
36,866
36,866
36,868
35,869
34,871
33,872
33,873
34,872
34,875
33,876
33,876
32,878
33,877
33,878
33,878
32,880
32,883
31,884
31,885
31,887
31,888
31,888
32,887
32,887
32,889
32,890
33,890
32,891
31,893
31,892
31,893
31,893
31,894
31,894
31,895
30,895
30,895
30,897
30,897
29,900
28,901
28,901
28,901
28,902
28,904
26,906
26,907
26,907
26,908
25,910
24,912
24,914
24,914
24,914
24,916
23,918
23,918
22,920
22,920
22,921
22,921
21,923
21,923
21,923
20,924
19,926
20,926
20,926
20,928
20,929
20,930
20,930
20,932
21,931
21,931
20,934
21,934
21,934
21,935
21,935
21,936
21,936
21,936
20,938
21,937
21,937
21,937
21,938
20,939
20,940
21,939
20,940
21,939
21,939
21,939
21,939
20,941
20,941
20,941
20,942
20,942
20,942
20,943
20,943
20,943
19,944
19,944
19,945
19,945
19,945
19,945
19,945
19,946
19,947
19,947
19,947
19,947
19,947
20,947
20,948
21,947
22,946
22,947
21,949
21,949
21,950
21,950
21,950
21,950
21,951
21,951
21,951
21,951
21,951
21,951
21,951
21,951
21,951
21,951
19,953
19,954
17,956
18,955
18,956
18,956
18,957
18,958
18,958
18,959
18,959
17,960
17,961
17,962
16,963
16,964
16,964
16,964
16,964
16,964
17,963
17,963
17,963
17,963
17,963
18,962
18,963
18,964
18,964
18,964
18,964
18,966
18,966
18,966
18,967
18,967
18,967
18,967
18,967
17,968
17,968
16,969
16,969
16,970
14,972
14,972
15,971
15,971
15,971
15,971
15,971
15,971
15,971
15,971
15,971
15,971
15,971
15,971
14,972
14,972
14,973
14,973
14,973
14,973
14,973
13,974
13,974
13,974
13,974
13,974
13,974
13,974
13,974
13,974
13,974
13,974
13,974
14,973
14,973
14,973
14,974
14,974
13,975
14,974
14,974
14,974
14,974
14,974
14,975
14,975
14,975
14,975
14,975
14,975
15,974
16,973
16,973
16,973
15,975
15,975
15,975
15,975
13,977
12,978
12,978
12,979
12,979
12,980
13,979
13,979
13,979
13,979
13,979
13,979
13,979
13,979
13,979
13,979
13,979
13,979
13,979
13,979
13,979
13,979
13,979
13,979
13,979
13,979
13,979
13,979
13,979
13,979
13,979
13,979
13,979
12,980
12,980
12,980
12,980
13,979
14,978
