400,200
396,204
395,204
392,206
394,206
391,207
389,207
387,208
388,210
387,210
387,211
384,213
382,212
380,209
378,213
375,211
375,213
372,213
371,212
369,216
371,217
370,215
368,216
362,217
364,220
364,219
367,215
363,214
364,214
360,216
358,218
360,219
356,224
355,222
351,221
347,224
345,226
345,223
348,220
350,217
352,214
355,214
354,215
355,214
352,214
351,212
348,213
346,217
346,219
347,220
348,225
350,224
346,227
346,230
343,233
346,232
348,232
348,232
345,232
343,232
339,230
335,228
333,227
331,229
333,228
333,230
336,231
332,230
327,233
323,237
322,238
322,238
317,241
317,240
312,244
312,244
308,249
310,248
308,246
307,246
309,244
310,244
309,244
310,245
307,245
307,243
307,243
306,243
305,240
304,242
302,242
303,241
304,242
302,246
302,249
301,246
302,247
301,247
302,246
302,244
299,245
299,245
296,248
295,244
297,243
296,242
299,236
298,236
296,237
297,240
298,240
295,242
295,245
295,246
295,245
294,243
289,242
288,239
285,241
286,240
283,244
282,245
285,241
283,243
283,244
286,244
286,245
284,244
283,245
285,244
287,245
282,247
279,250
280,254
282,257
281,259
280,259
281,260
277,263
275,263
273,264
274,265
273,264
274,261
272,262
272,262
270,264
268,266
267,269
265,270
264,270
265,268
267,271
265,272
265,272
266,271
269,267
265,266
266,264
263,267
263,265
263,265
260,266
261,264
258,268
256,271
260,269
259,273
258,275
255,277
255,278
254,280
253,283
255,282
254,281
256,279
254,278
250,278
250,276
245,280
243,282
241,283
239,287
241,287
240,292
240,295
241,291
242,289
244,291
244,292
243,290
241,295
239,294
243,294
241,295
240,296
243,294
241,292
238,290
238,292
236,294
232,295
231,294
230,296
229,300
229,303
231,301
231,300
230,305
231,303
231,303
229,305
229,307
231,305
231,308
229,311
228,309
231,305
230,308
230,311
227,317
223,318
223,314
223,314
224,316
221,322
221,321
224,322
224,318
223,319
223,319
225,321
224,324
225,322
225,320
227,323
228,328
227,330
225,330
224,331
225,331
224,330
225,332
224,333
226,334
226,335
225,336
221,339
219,342
221,345
227,344
227,346
229,345
229,346
227,348
229,349
228,348
228,347
226,348
227,348
229,347
232,347
231,348
233,345
232,346
232,348
231,350
229,355
223,356
223,356
223,354
223,356
224,355
223,359
224,359
224,358
222,359
222,361
223,361
223,361
222,367
221,368
221,371
218,374
217,374
218,373
217,372
214,374
214,377
212,383
212,384
211,384
209,387
208,387
211,390
211,390
212,390
213,392
213,394
211,398
211,400
212,403
213,406
214,403
211,405
208,411
209,412
205,418
206,419
209,415
208,415
207,414
206,413
207,413
209,413
210,411
211,410
214,410
215,412
215,410
215,411
213,412
212,414
210,416
208,417
207,420
209,418
211,423
212,420
210,422
210,424
209,425
207,427
207,429
209,425
209,426
209,430
210,433
211,436
209,439
210,441
210,441
207,446
209,445
213,442
214,444
210,448
210,452
210,455
211,456
212,455
211,459
207,464
206,467
206,465
206,464
205,469
201,472
202,474
204,473
202,477
201,479
200,481
200,487
201,486
202,489
200,495
201,496
200,500
199,502
198,503
198,505
199,507
200,508
199,509
200,510
197,514
198,513
200,512
197,518
198,519
197,520
196,522
197,521
197,522
197,524
199,524
198,524
199,528
202,527
201,532
202,534
204,533
202,539
201,538
198,542
197,546
198,546
195,550
195,551
195,554
192,558
195,557
195,558
194,559
194,562
193,565
191,565
191,567
189,573
188,574
187,578
185,578
184,580
185,581
184,584
184,583
185,585
183,584
181,588
178,592
178,594
178,595
177,597
177,597
179,597
179,597
179,598
177,603
174,610
176,610
176,614
176,616
176,616
175,619
176,621
175,622
174,623
173,628
169,634
167,638
167,638
166,642
165,641
164,644
163,646
164,647
162,651
163,649
163,648
162,649
162,650
163,650
162,652
162,652
158,658
157,658
156,660
152,667
151,668
152,667
154,667
154,671
151,676
151,677
147,682
145,686
145,687
147,686
145,691
146,691
144,695
145,694
144,696
144,695
142,697
141,698
141,700
144,698
146,697
144,700
142,701
139,704
137,706
135,708
136,705
138,703
139,703
140,703
142,702
143,703
142,705
142,705
141,708
142,708
142,708
142,708
141,710
142,711
141,712
140,714
