900,50
898,52
897,53
896,53
895,52
892,54
890,54
888,56
886,57
886,56
885,56
885,55
882,56
877,59
874,59
872,60
873,59
868,60
866,62
866,61
864,63
864,61
862,63
861,64
855,64
853,66
850,66
848,67
843,68
841,68
841,69
841,68
837,71
832,74
831,73
832,72
832,71
825,73
821,76
819,75
819,74
817,75
813,75
807,76
805,77
806,76
803,76
803,76
799,76
800,74
798,75
794,75
793,74
792,74
790,74
786,74
786,75
783,77
784,76
781,75
777,75
774,76
773,76
772,76
771,75
765,77
764,77
760,79
757,80
755,80
749,80
748,79
742,79
738,78
733,80
728,82
726,80
722,78
723,78
716,79
710,81
709,82
705,83
704,83
701,84
702,83
697,85
699,83
698,84
695,84
691,85
692,85
691,86
688,88
687,87
688,86
685,87
681,89
677,91
677,91
675,92
674,91
671,91
666,93
665,93
665,94
665,93
661,96
655,98
654,98
648,100
645,98
642,99
641,101
638,101
637,98
636,96
632,98
627,99
625,99
622,99
621,101
617,103
613,103
615,101
611,101
604,103
607,102
604,103
601,102
599,102
598,103
599,101
596,101
596,99
593,100
586,103
584,104
581,105
579,105
578,105
582,105
582,103
579,105
579,106
577,106
579,105
578,105
573,106
569,105
569,104
566,104
563,105
561,106
558,105
557,105
559,105
558,105
557,107
555,107
556,108
555,107
552,107
548,107
546,108
546,108
543,108
544,108
538,109
538,109
539,108
539,108
537,107
539,107
536,106
535,105
532,106
530,107
529,108
527,108
523,108
520,107
516,107
512,107
511,109
510,111
506,109
507,108
508,107
502,106
503,104
502,102
498,101
497,100
494,101
495,100
490,100
489,99
490,99
489,100
486,104
484,106
480,108
481,107
482,104
485,105
482,105
484,103
484,104
481,107
480,108
480,111
479,112
477,111
477,108
473,108
471,109
470,110
471,111
470,111
470,111
465,111
461,111
462,111
458,111
453,112
452,112
449,108
447,106
446,101
447,101
442,101
439,101
439,101
437,99
435,99
436,100
431,101
433,99
434,98
434,97
433,98
433,98
429,100
429,101
427,102
426,102
428,104
427,103
427,102
427,101
427,100
424,100
422,102
419,103
417,103
417,104
416,104
412,106
412,106
414,106
415,105
415,105
418,104
417,104
415,105
416,101
413,102
408,103
407,101
405,104
403,104
399,107
396,109
395,109
397,110
394,110
396,107
393,106
390,105
387,105
385,107
384,107
383,107
381,107
381,107
379,104
379,105
378,104
380,102
378,102
379,102
376,102
374,104
372,103
371,102
368,103
367,104
365,106
367,108
370,109
373,107
374,108
374,106
374,105
374,106
372,106
370,105
366,106
363,107
364,108
361,107
359,108
355,109
356,110
353,111
353,109
349,108
352,106
350,106
348,107
348,106
350,104
352,103
352,100
353,100
354,100
353,99
358,98
358,99
359,98
360,99
360,100
359,100
356,99
353,99
354,98
352,98
351,97
352,96
349,95
352,95
350,95
349,94
352,93
350,93
347,93
347,92
350,92
345,93
343,93
341,92
337,91
336,91
337,89
336,90
335,88
336,90
335,90
338,90
338,90
337,90
335,90
339,89
339,89
340,88
340,86
339,84
338,87
341,88
342,87
342,88
344,87
344,87
344,87
347,87
344,86
345,84
345,84
344,83
344,81
342,79
343,79
345,78
344,78
342,79
344,78
344,79
342,80
336,79
337,78
339,77
335,77
337,76
341,76
340,75
338,75
339,75
340,74
339,73
338,72
336,74
334,77
335,77
333,77
332,77
329,76
328,74
328,76
329,76
329,78
331,78
328,79
326,78
325,78
323,79
323,80
325,78
329,78
326,78
326,76
324,77
319,77
320,76
320,75
319,74
318,73
315,72
314,72
314,70
316,70
312,70
311,72
313,71
313,70
310,70
313,70
313,70
316,69
314,67
315,67
314,65
314,65
314,65
313,66
315,66
319,66
320,66
318,67
318,65
316,64
315,65
316,67
317,67
315,67
315,67
316,68
315,70
314,70
315,69
315,68
314,66
315,66
314,64
313,64
307,66
306,66
307,66
306,66
303,67
303,66
300,68
300,69
295,68
292,66
296,65
295,67
294,65
295,65
292,65
293,66
296,66
295,69
296,69
299,70
297,68
294,69
295,70
294,70
292,72
289,73
290,74
293,74
294,75
288,76
290,76
291,74
291,74
292,73
295,72
294,73
