800,150
797,153
796,153
793,156
790,158
788,161
789,160
784,164
782,165
775,170
775,169
773,170
772,170
771,170
767,173
764,176
759,180
757,180
759,178
754,181
753,181
753,181
751,183
748,183
748,183
746,185
743,186
745,183
740,186
737,188
738,187
737,189
734,189
730,190
730,189
729,188
728,187
723,189
719,194
718,195
717,195
712,199
709,203
708,205
707,205
707,204
703,207
704,206
697,211
694,214
689,218
684,221
681,224
682,227
682,226
678,228
670,233
667,235
666,237
667,234
668,233
664,236
660,239
656,241
654,242
651,244
647,248
643,250
637,254
632,260
630,263
630,263
628,264
626,265
623,266
619,271
619,273
614,277
611,281
609,284
607,287
606,288
606,290
601,294
598,296
596,298
593,300
590,302
588,300
584,304
582,306
580,308
576,309
572,312
574,311
569,316
568,314
565,313
562,313
564,313
565,312
565,311
560,316
557,316
554,318
554,317
553,316
552,316
548,321
545,322
541,327
543,325
540,327
535,334
533,336
534,336
531,339
531,337
529,337
527,338
523,342
520,345
519,345
519,344
522,343
525,342
523,344
522,345
519,346
517,347
516,346
513,349
510,350
507,351
506,352
505,351
504,349
501,352
499,351
495,355
495,356
495,359
495,360
494,363
492,364
490,364
486,369
485,370
483,372
478,373
478,370
473,372
469,373
471,371
467,374
469,373
469,371
471,373
468,376
468,377
463,380
467,374
466,376
465,378
462,381
464,378
461,380
457,386
454,387
451,389
451,390
449,390
447,391
442,396
441,396
439,399
437,400
436,401
437,400
436,402
436,403
436,403
432,406
430,408
429,409
428,410
424,414
422,417
422,419
418,425
415,427
414,428
413,430
410,434
409,435
406,439
403,438
397,444
397,444
397,450
393,453
391,457
390,459
385,461
383,461
381,464
376,467
374,468
373,467
369,471
367,471
369,469
365,472
365,473
362,475
363,475
361,475
358,478
356,481
358,481
355,483
360,479
357,484
358,482
360,483
360,483
362,481
364,481
366,481
368,481
369,479
367,481
363,484
364,485
363,489
363,491
361,492
359,492
360,492
358,495
351,500
352,497
352,498
352,497
351,499
350,501
347,505
346,505
346,505
345,508
340,513
337,517
337,518
333,522
332,526
330,530
327,533
328,531
327,531
330,530
332,531
332,532
331,532
330,532
330,533
329,536
329,536
329,535
327,539
327,540
326,542
325,542
324,545
322,546
320,549
318,552
317,554
311,559
310,560
310,560
310,561
312,560
311,563
311,565
310,568
308,569
304,572
302,574
302,575
302,576
302,575
301,576
296,581
297,579
294,582
293,585
289,591
285,596
285,597
282,601
278,604
281,603
280,606
277,609
277,609
279,609
279,611
279,612
280,609
283,606
283,606
283,607
283,608
280,613
282,612
281,615
280,615
275,619
274,620
273,621
269,626
264,630
264,630
262,633
261,635
257,638
256,640
253,643
251,646
252,645
251,647
251,648
247,652
245,654
244,654
245,654
246,653
248,653
248,655
245,658
243,663
241,665
243,664
241,665
241,665
242,665
243,665
240,667
242,666
239,669
236,671
235,673
234,675
237,672
235,674
233,675
229,678
231,676
230,680
228,683
228,683
227,684
226,685
225,687
225,687
224,691
225,688
222,693
220,695
219,696
218,698
218,701
217,702
217,703
214,706
214,705
212,708
209,711
209,712
211,713
210,715
209,716
208,718
209,719
209,719
210,718
210,718
211,716
211,717
210,718
209,719
207,721
206,724
208,722
207,723
204,727
202,729
201,732
200,736
197,740
196,741
196,741
196,742
194,745
192,747
191,750
187,754
185,757
185,758
185,758
186,758
184,759
186,757
186,757
183,760
178,765
178,766
176,770
177,769
174,773
174,772
174,774
172,776
171,777
171,777
168,781
166,783
164,785
164,785
162,787
161,788
160,789
161,788
161,788
160,788
159,789
159,789
158,790
159,789
158,790
158,790
156,793
156,793
155,793
155,793
154,794
153,795
151,797
148,800
150,798
149,801
148,802
144,806
141,811
141,811
140,812
138,815
136,818
134,820
131,824
132,823
130,825
128,828
129,828
129,828
127,831
126,832
125,833
124,834
124,834
123,836
123,837
124,837
121,840
117,844
116,845
115,848
114,849
113,851
112,852
112,852
110,854
108,857
111,854
108,857
106,859
106,860
105,862
105,862
103,864
101,865
101,865
99,867
99,867
98,869
99,868
99,869
99,869
99,869
97,872
97,872
