700,250
692,258
692,258
690,258
688,258
686,259
683,262
681,261
683,260
679,264
674,269
675,268
677,266
673,268
670,271
664,276
659,281
654,283
650,287
647,290
648,289
645,292
643,291
643,291
642,294
639,296
632,302
632,303
631,303
628,306
628,303
630,301
628,302
626,305
625,308
628,303
624,308
622,310
625,309
622,311
622,311
620,312
615,316
614,317
610,318
606,319
603,321
599,325
597,327
596,330
592,331
588,335
589,333
590,333
587,336
586,337
582,340
578,345
574,350
578,348
577,348
574,350
572,351
568,353
565,355
559,360
559,361
559,364
559,364
557,366
557,366
556,368
553,368
551,370
553,367
552,366
551,366
548,367
545,371
545,372
547,371
546,373
546,373
543,376
543,375
539,379
537,379
534,379
535,378
531,382
529,382
525,385
523,388
523,390
520,394
521,394
522,394
519,397
517,399
516,398
512,402
513,402
512,403
513,401
517,399
518,397
516,398
515,399
513,402
512,404
511,404
506,407
503,410
497,417
494,420
492,422
489,422
488,421
486,422
484,424
479,428
474,432
474,433
475,432
473,432
473,433
470,436
468,438
468,438
466,439
460,445
458,446
458,445
458,445
451,450
448,453
447,455
449,455
447,457
442,461
444,461
440,465
439,467
437,470
431,476
429,478
423,486
422,488
419,491
416,494
414,494
413,494
411,498
412,498
410,497
408,498
401,506
399,508
396,512
395,514
393,517
394,519
392,523
390,525
391,524
388,526
385,528
385,531
384,529
380,534
375,539
372,542
369,544
366,545
362,549
360,551
359,552
358,554
356,555
355,557
351,561
349,561
347,563
344,566
342,567
340,571
337,575
334,579
329,584
331,583
324,591
322,593
322,595
321,596
320,597
317,600
314,602
312,606
309,609
306,611
306,609
307,609
308,608
307,609
304,613
304,614
305,612
304,613
300,616
296,619
296,619
293,621
291,623
289,624
293,620
294,617
292,618
291,619
288,620
285,622
285,620
283,623
283,623
283,623
281,625
279,627
276,631
274,634
271,637
268,642
265,646
265,645
261,650
262,648
263,648
261,650
260,651
259,651
258,652
256,655
253,658
253,658
251,660
253,660
254,659
255,660
255,661
253,663
251,666
247,670
244,674
244,674
244,674
242,675
241,678
241,679
241,680
240,683
238,685
234,689
232,691
231,693
231,691
228,694
227,695
225,696
225,696
222,700
221,702
220,705
218,708
216,711
217,710
216,711
216,711
215,712
214,714
214,715
210,720
210,721
211,720
209,722
209,723
209,723
209,725
204,729
203,730
203,730
202,732
201,734
200,736
195,741
192,743
191,747
190,748
188,751
186,753
184,754
182,755
181,758
180,759
179,761
174,766
172,768
170,770
170,770
169,772
166,776
165,777
164,779
160,783
161,785
160,788
158,790
157,791
158,791
157,793
158,794
159,794
160,794
158,794
156,800
154,802
153,804
153,805
151,807
149,809
149,809
149,809
150,808
148,811
148,811
148,812
149,812
148,813
148,812
148,812
146,814
147,814
145,816
142,819
142,820
143,818
141,820
140,821
139,823
137,825
135,827
133,830
133,830
133,831
131,833
130,835
130,835
131,835
131,836
131,835
130,836
127,839
126,840
124,842
122,844
121,845
120,847
119,848
119,848
119,847
118,849
118,850
118,850
118,850
118,850
117,851
118,850
117,850
117,850
117,851
117,851
117,852
117,852
116,853
114,855
114,855
112,857
112,857
113,856
112,857
111,858
108,860
106,862
106,863
106,863
106,863
104,865
104,864
103,865
103,865
104,864
103,865
103,865
105,863
103,865
102,866
99,868
96,871
94,873
94,874
94,874
94,874
92,878
93,878
93,878
94,878
92,880
92,879
92,879
90,881
91,880
90,881
89,882
86,885
84,887
85,887
85,887
84,888
83,889
82,890
83,889
83,889
84,888
84,888
82,890
82,890
81,890
82,891
80,893
80,893
78,895
78,897
77,898
76,899
77,900
78,899
78,899
79,898
78,899
78,899
77,900
77,900
76,901
75,902
74,903
72,905
71,906
71,906
70,907
69,908
69,908
69,908
67,909
68,910
68,910
67,911
67,911
67,911
67,911
66,912
65,912
65,913
65,914
65,914
64,914
64,914
63,915
63,915
62,916
62,916
62,918
62,918
60,920
60,921
59,922
59,922
58,924
58,924
59,923
58,924
58,924
57,925
54,928
54,928
54,928
54,929
54,929
54,929
54,929
52,931
52,931
52,931
52,931
52,931
