700,50
700,50
697,48
694,46
693,47
688,47
690,46
687,47
682,47
676,48
671,47
671,47
667,49
666,48
666,48
664,48
662,48
663,49
658,50
655,51
654,51
653,50
651,50
647,49
644,50
643,51
640,49
642,49
640,49
643,49
646,49
646,50
642,50
637,51
635,53
638,51
633,52
632,54
632,53
627,55
626,54
623,56
624,54
622,52
620,52
617,52
612,53
610,53
608,52
606,53
607,54
605,55
605,52
603,53
600,54
593,54
591,55
588,55
583,55
581,55
580,56
577,56
571,58
568,59
565,57
563,59
562,58
560,58
557,58
553,58
549,57
548,56
542,55
542,55
541,55
542,54
542,52
539,52
534,52
536,52
532,54
533,52
531,52
525,51
520,52
517,52
519,51
512,51
507,50
507,50
503,50
502,49
500,48
499,48
496,48
493,47
491,48
489,50
488,48
487,48
486,50
484,49
482,49
477,49
473,49
472,48
470,49
465,50
462,49
458,48
453,48
448,48
447,46
445,47
441,48
441,48
436,48
435,47
437,47
435,47
431,47
430,47
427,48
426,47
425,47
427,48
428,47
430,46
429,46
432,46
433,46
431,46
427,46
426,46
424,46
424,46
423,46
422,46
419,45
417,45
414,45
410,44
411,43
410,43
408,43
405,44
404,44
403,45
407,44
405,44
405,44
400,43
398,43
395,43
391,43
388,43
389,42
385,42
387,42
389,42
393,42
393,42
392,41
389,42
387,42
386,43
386,42
383,42
384,41
384,41
384,41
383,40
385,38
387,37
388,37
385,37
386,37
383,37
380,37
378,37
377,37
375,36
376,35
377,33
376,33
377,33
373,33
375,33
376,33
374,34
372,34
370,34
369,34
371,34
372,34
370,35
367,34
368,34
368,34
368,34
371,34
369,34
365,35
364,36
364,35
365,36
365,36
366,34
360,33
356,34
354,34
352,35
350,35
351,35
350,34
350,33
351,34
350,34
349,33
350,33
346,33
346,32
345,32
342,32
344,31
347,30
349,30
351,30
349,30
347,29
349,29
350,29
353,28
350,28
347,28
347,28
348,28
343,28
344,30
344,30
344,28
343,28
340,28
345,26
346,26
343,26
343,25
342,25
344,24
342,24
337,24
336,24
333,23
331,22
330,23
329,23
328,24
327,24
327,24
325,25
327,25
330,25
328,25
328,25
327,24
327,25
326,25
325,26
325,26
320,27
321,27
321,28
319,28
319,27
321,25
323,25
322,24
318,23
316,23
314,23
314,23
312,24
311,24
310,24
310,24
311,24
309,23
307,23
306,23
306,23
306,24
307,24
307,25
307,25
309,25
310,25
308,25
306,25
308,25
307,26
306,26
304,26
303,25
304,24
305,23
305,22
301,22
304,22
304,22
304,20
304,19
303,19
305,19
305,19
307,19
307,19
305,18
305,17
301,17
302,17
303,17
302,17
303,16
301,15
299,15
297,15
301,15
299,15
297,15
293,15
295,14
297,14
298,13
297,13
297,12
296,12
296,12
294,12
289,12
286,12
287,12
289,12
288,12
287,11
284,11
284,11
286,11
281,11
280,11
281,11
280,11
282,11
281,11
284,11
284,12
281,13
278,13
277,13
276,13
276,13
274,12
277,13
276,13
277,13
279,13
280,13
282,13
281,13
280,12
280,12
279,12
278,12
277,12
276,12
273,12
274,12
276,11
273,10
275,11
273,11
276,11
276,11
278,12
277,13
279,13
279,13
277,13
276,13
276,13
279,12
280,13
279,13
279,13
280,13
280,13
278,13
281,13
280,13
280,13
281,13
279,13
276,13
271,13
270,13
271,13
274,13
273,12
277,12
274,12
273,12
274,11
277,11
275,11
275,11
278,11
276,11
277,10
277,10
279,8
277,8
277,8
275,8
272,9
270,7
266,7
266,7
267,7
269,7
266,7
267,7
266,7
267,7
268,6
266,6
264,6
263,6
264,5
261,5
261,5
264,5
263,5
264,5
265,5
266,5
267,5
269,5
269,5
269,5
268,5
266,5
266,5
268,5
272,5
271,5
270,5
268,5
271,5
271,5
267,5
266,5
268,5
270,4
269,4
268,4
268,4
268,4
270,4
270,4
271,4
273,4
272,4
272,4
272,4
270,4
272,4
272,4
273,4
270,4
268,4
266,4
267,4
263,4
262,4
260,4
257,4
259,4
259,4
257,4
258,4
257,4
253,4
253,4
255,4
254,4
255,4
257,3
258,3
257,3
259,4
260,4
264,4
