50,50
40,60
42,60
46,60
48,60
50,60
51,61
52,60
53,59
54,60
55,60
56,62
59,62
62,62
65,62
67,62
67,63
68,62
70,62
74,63
76,62
80,62
83,62
85,61
88,62
87,64
89,63
91,62
93,63
95,63
98,63
99,63
103,62
104,60
103,62
103,63
105,64
103,65
104,65
106,65
105,65
106,66
104,68
107,69
108,70
107,71
109,69
111,68
111,69
113,69
113,69
112,69
111,70
111,69
112,68
114,66
114,67
112,67
114,68
115,66
116,66
117,67
116,68
121,67
122,67
122,68
122,68
123,68
123,67
126,66
130,66
132,68
134,67
134,67
136,66
136,66
140,65
140,65
144,65
146,64
150,64
152,64
152,64
153,64
155,65
158,68
160,66
162,66
161,66
159,67
161,69
162,70
161,70
162,71
164,71
164,73
162,73
164,73
169,73
173,73
176,74
178,73
181,71
178,71
181,71
183,70
185,70
186,70
188,68
189,66
190,65
192,64
195,64
196,64
198,65
199,65
202,65
200,64
199,61
201,60
200,61
201,61
201,61
200,62
199,60
198,59
199,60
201,59
202,61
201,59
200,58
201,56
201,56
203,56
201,56
200,54
198,55
197,54
199,54
199,54
202,55
202,55
205,53
204,51
203,50
202,50
201,49
199,51
203,50
201,51
200,51
205,50
206,49
205,48
208,47
210,47
211,47
209,47
211,45
213,45
213,45
212,45
212,45
214,44
215,44
216,43
215,44
216,44
213,44
214,43
214,42
213,43
211,43
210,42
211,41
211,40
212,40
213,40
214,40
214,38
213,39
213,39
212,39
212,39
215,39
214,39
214,39
213,40
214,40
215,40
216,40
220,40
220,39
221,38
219,38
222,38
222,38
222,38
219,38
218,38
217,39
220,38
221,39
219,38
220,38
219,37
218,36
220,36
218,36
218,37
217,37
216,37
217,36
219,38
218,37
218,37
219,37
219,37
221,37
222,37
223,38
225,37
225,37
226,37
225,36
226,35
223,36
222,36
226,36
227,36
225,36
225,34
227,34
228,33
227,33
228,33
230,33
233,33
235,33
233,33
231,33
233,33
233,32
234,31
233,31
231,32
227,33
229,32
226,33
225,33
227,32
227,33
227,33
231,32
234,31
234,31
232,31
233,30
234,30
233,30
232,29
234,27
236,27
236,27
236,27
235,26
237,26
236,26
234,26
233,26
234,26
234,27
235,27
234,28
239,28
241,29
244,28
246,29
246,28
246,28
245,27
245,28
242,27
243,27
241,26
241,26
244,26
246,26
245,26
246,25
249,25
246,25
245,25
245,25
244,25
244,25
241,25
241,25
240,25
242,25
242,25
244,25
246,25
248,24
245,24
247,23
250,22
249,22
248,22
246,22
246,22
246,21
247,23
247,23
245,23
243,23
244,22
239,22
238,22
236,22
235,23
236,23
232,23
233,23
234,23
234,24
231,24
232,24
234,24
232,25
232,25
234,25
235,25
235,23
235,22
235,22
235,22
240,23
241,23
240,23
240,23
239,22
238,22
239,21
240,21
242,22
244,22
243,22
240,22
241,21
238,21
237,20
237,20
237,20
241,20
237,20
238,19
241,19
241,19
242,20
246,20
245,21
246,19
247,19
248,19
249,19
247,19
250,19
249,19
254,19
255,19
260,19
258,19
259,19
260,19
260,19
260,19
263,19
266,19
263,19
263,19
263,18
263,18
264,17
264,17
267,17
268,17
268,17
269,17
274,17
275,17
273,17
274,18
274,18
275,17
276,18
274,18
276,18
277,18
272,17
273,16
272,15
273,15
270,15
269,16
266,17
266,17
267,18
263,18
265,19
267,19
267,19
266,19
269,19
269,19
270,19
270,20
269,20
268,20
269,20
270,20
271,20
269,21
266,21
265,21
263,21
264,21
262,22
262,22
266,22
266,21
267,21
266,20
267,20
269,20
267,20
266,20
264,20
262,21
263,21
265,21
267,21
265,21
265,21
262,21
262,21
265,21
269,21
268,21
269,20
266,20
264,20
268,20
268,20
267,21
266,21
267,21
266,20
266,20
264,19
265,19
263,19
265,19
260,19
261,19
260,19
260,19
257,19
253,19
254,19
257,19
258,19
259,19
258,19
256,19
255,19
255,16
254,16
256,16
256,16
256,16
257,16
256,16
253,16
254,16
253,15
255,15
255,15
253,15
249,15
247,15
248,14
246,14
246,14
244,14
243,14
239,14
240,14
238,14
236,13
237,13
239,13
242,14
239,14
240,14
241,14
242,13
244,12
242,12
244,12
246,12
245,12
245,12
246,12
244,12
245,12
247,12
252,12
252,11
246,11
246,11
250,11
248,11
248,11
249,11
251,11
251,11
250,11
251,11
251,12
251,12
248,12
245,11
245,11
245,12
246,12
249,12
248,12
247,12
247,12
248,12
248,12
247,12
243,11
243,11
246,10
245,9
242,9
245,9
242,9
243,9
246,9
246,9
247,9
249,9
249,9
247,9
248,9
248,9
249,9
253,9
253,8
252,7
253,7
253,7
252,7
253,7
253,7
252,7
254,7
254,7
253,7
253,7
251,7
250,7
252,7
250,7
248,7
247,7
248,8
248,8
247,7
246,7
243,7
243,7
242,7
241,7
240,7
241,7
245,7
245,7
244,7
246,7
247,7
250,7
251,7
252,7
254,7
251,7
251,7
251,7
251,7
249,7
250,7
248,7
248,7
247,7
247,7
246,7
247,7
247,7
244,7
241,7
237,7
239,7
239,7
239,7
238,7
240,7
241,7
240,7
241,7
242,7
243,7
240,7
239,7
241,7
241,7
241,7
241,7
242,6
244,6
247,6
250,6
247,6
250,5
247,5
246,5
246,5
245,5
244,5
247,5
248,5
249,5
250,5
251,5
249,5
249,5
251,5
249,5
251,5
249,5
246,5
248,5
247,5
248,5
246,5
246,5
246,5
244,5
246,5
246,5
250,5
252,5
251,5
252,5
253,5
250,5
248,5
248,5
245,5
245,5
243,5
241,5
239,5
239,5
241,5
240,5
237,4
235,4
237,4
239,4
241,4
238,4
237,4
236,4
237,4
236,4
236,4
236,4
237,4
235,4
234,4
233,4
235,4
234,4
235,4
232,4
231,4
232,4
232,4
231,4
229,4
228,4
228,4
231,4
230,4
228,4
227,4
229,4
228,4
227,4
230,4
235,4
237,4
238,4
238,4
238,4
241,4
242,4
243,4
240,4
240,4
244,4
244,4
247,4
249,4
247,4
245,4
244,4
245,4
244,4
245,4
244,4
242,4
244,4
244,3
245,3
249,3
249,3
250,3
249,4
249,4
245,4
247,4
244,4
246,4
244,4
245,4
245,4
246,4
244,4
240,4
238,4
234,4
237,4
238,4
241,3
240,3
242,2
245,2
246,2
246,2
245,2
243,2
242,2
237,2
238,2
236,2
237,2
234,2
232,2
234,2
234,2
232,2
233,2
233,2
232,2
234,2
236,2
238,2
238,2
239,2
241,2
241,2
242,2
243,2
244,2
243,2
243,2
242,2
245,2
246,2
248,2
246,2
252,2
254,2
252,2
251,2
249,2
247,2
