50,100
40,110
42,112
42,112
43,113
46,112
45,113
45,113
46,115
47,114
48,115
50,115
50,117
51,117
51,119
56,119
60,117
62,117
64,115
65,116
70,115
71,116
72,114
75,115
76,119
78,118
80,118
80,117
79,120
80,122
81,123
83,124
84,125
88,124
89,126
89,125
91,124
92,125
90,131
91,132
91,133
92,133
94,134
97,134
100,135
102,131
102,134
103,132
103,132
104,133
105,134
107,134
108,137
108,136
110,138
111,138
111,137
111,138
113,137
115,138
114,139
116,140
117,139
119,139
123,139
120,140
117,141
120,139
120,138
117,137
117,138
117,137
120,136
121,136
125,138
124,138
123,136
125,134
124,135
127,134
129,135
131,134
130,137
132,136
133,135
134,136
133,136
132,135
135,135
135,135
135,135
133,135
133,137
134,135
135,136
133,139
135,136
134,138
134,136
133,137
134,134
134,133
134,132
135,132
136,132
136,131
137,133
139,133
138,134
140,133
140,136
143,136
144,134
148,133
147,134
147,135
148,135
149,136
151,140
155,139
155,139
155,139
155,140
156,137
156,138
158,138
158,137
159,137
160,138
160,139
161,137
161,139
161,139
163,136
166,136
167,136
168,137
168,138
168,137
168,139
169,140
169,138
169,138
168,140
172,138
171,141
172,145
171,144
173,141
172,142
176,142
177,142
177,147
176,146
175,143
174,144
176,144
176,142
172,142
175,143
175,142
172,144
174,145
174,146
175,145
175,145
176,143
174,140
175,139
175,141
176,141
179,140
179,139
181,140
180,141
182,140
182,139
181,140
182,141
184,141
184,141
186,140
186,140
185,140
188,145
188,144
188,144
189,146
190,150
191,150
188,150
188,150
190,151
192,150
191,149
191,149
192,150
194,145
194,148
195,148
193,149
192,148
191,148
192,147
191,147
192,147
191,147
191,146
190,146
193,144
193,140
194,143
194,143
193,144
192,143
193,143
195,143
196,140
197,141
195,141
193,143
195,143
193,144
196,144
198,143
196,141
196,141
197,141
198,144
201,144
201,145
201,144
202,144
203,142
200,146
201,148
203,147
200,146
200,146
203,145
200,146
200,145
202,144
205,143
205,143
204,144
205,142
207,139
210,142
208,144
209,140
211,140
213,140
213,140
214,143
213,143
216,143
215,145
219,144
218,143
216,142
219,143
219,144
220,142
219,141
224,141
222,142
222,143
223,144
223,146
222,145
224,144
224,141
228,139
227,139
227,139
226,138
227,137
228,135
227,136
227,137
227,137
229,137
225,138
226,141
225,142
226,142
227,143
231,142
232,141
228,143
232,142
232,140
233,140
235,139
234,142
234,142
234,141
236,140
234,140
235,140
237,139
235,140
236,141
233,138
232,139
232,140
233,141
234,142
234,144
237,144
238,144
240,142
236,143
234,144
234,145
232,145
232,143
232,140
230,137
230,137
225,139
226,140
225,139
227,141
226,143
227,143
226,141
225,140
227,140
231,139
233,139
236,139
237,138
241,136
243,137
240,137
239,137
241,135
242,137
243,137
245,141
245,139
244,138
244,139
243,138
244,139
243,141
242,142
244,142
242,140
244,138
244,140
246,138
247,138
248,139
247,136
245,138
245,139
244,139
243,137
242,137
242,137
238,137
238,137
239,136
242,137
241,136
245,133
245,134
248,134
248,133
249,132
252,133
251,133
253,131
252,134
254,134
254,133
257,132
258,132
256,133
257,134
257,136
259,138
260,136
258,137
258,137
259,138
259,138
257,139
258,138
259,138
260,137
256,140
254,139
251,138
252,137
250,141
249,142
247,141
249,143
247,145
249,145
250,142
248,143
248,147
246,148
244,147
245,147
245,147
246,147
245,147
245,148
247,148
247,147
245,149
243,150
243,151
243,150
243,149
244,149
244,152
242,151
243,151
243,151
243,148
240,147
244,146
242,146
243,146
240,144
240,143
240,144
240,143
240,144
246,144
248,142
247,141
247,142
249,141
249,143
246,141
245,140
246,137
247,137
248,137
251,136
249,135
248,134
249,133
252,132
253,132
256,132
256,133
255,132
255,131
254,133
253,134
253,135
254,135
255,134
254,134
252,136
250,136
251,135
250,134
247,132
248,133
248,136
249,136
252,134
253,134
256,135
259,136
264,135
261,134
259,135
260,136
259,135
258,133
260,133
258,136
261,136
259,136
258,134
257,132
255,132
257,132
259,131
261,130
264,128
264,127
268,127
268,128
268,128
266,129
265,130
265,130
265,128
263,131
262,134
262,134
262,132
264,132
267,131
264,130
265,130
265,131
263,132
265,132
263,132
261,131
261,130
261,128
262,126
258,127
260,126
262,126
261,126
260,126
259,125
264,124
264,126
262,125
261,123
262,126
263,126
266,124
265,126
268,124
266,123
266,125
265,124
265,124
265,126
262,125
260,124
259,123
260,123
261,125
260,123
260,122
259,124
257,123
257,123
256,123
256,124
258,124
259,124
265,123
265,123
265,121
264,120
263,121
262,122
263,121
261,120
264,119
265,118
264,118
262,118
262,117
265,114
266,114
266,113
264,113
261,116
258,116
258,115
256,115
255,115
252,115
254,114
255,114
258,113
260,114
258,115
259,113
259,113
259,114
264,113
263,115
263,116
262,115
262,117
262,119
258,120
258,122
258,123
259,124
260,122
259,121
258,118
259,115
258,115
257,115
258,116
257,114
258,115
258,115
261,115
258,116
259,114
258,115
258,115
256,115
255,115
257,118
257,119
257,117
257,119
256,118
255,118
257,117
260,116
259,113
257,114
259,114
260,113
256,115
258,114
257,116
258,116
256,117
256,118
255,119
257,116
256,116
257,117
255,117
253,117
254,118
255,120
256,120
256,119
254,120
253,120
250,120
252,118
251,119
250,118
249,119
250,118
250,118
248,117
249,118
248,119
248,118
248,118
246,115
247,115
249,111
252,110
247,110
247,110
245,110
244,111
245,109
248,107
247,110
249,108
250,109
251,108
251,107
253,108
250,108
250,107
248,107
249,106
248,107
249,105
251,106
252,106
254,105
253,106
254,108
251,107
253,109
257,108
256,110
257,108
256,108
256,108
256,106
257,106
254,107
252,109
255,109
256,109
256,108
259,110
261,111
258,111
258,111
256,113
258,113
258,114
259,114
257,114
255,116
255,116
256,115
258,113
258,113
259,114
258,116
256,116
258,114
259,114
260,111
259,112
261,112
261,113
260,114
256,116
254,117
254,117
253,115
257,115
259,113
259,114
255,114
255,113
258,112
257,112
258,112
256,110
257,110
259,111
261,108
262,108
261,107
258,106
254,106
253,108
254,107
255,106
256,105
256,105
255,103
255,104
256,104
259,104
259,104
258,105
258,105
256,105
257,103
254,103
252,104
252,103
253,103
254,100
257,101
256,101
256,98
256,99
255,100
255,100
255,99
253,99
252,103
252,103
254,103
254,102
254,102
258,102
260,101
260,102
262,101
260,101
261,102
260,103
260,105
259,105
260,106
258,107
262,106
261,106
266,103
268,103
265,102
264,102
266,99
264,98
265,96
265,96
260,97
261,95
261,92
257,92
256,93
256,94
254,94
257,95
257,94
262,94
260,94
261,93
261,94
