600,200
593,207
596,203
593,205
589,204
587,206
588,205
586,204
582,205
583,210
583,213
583,215
580,218
578,218
578,214
574,214
572,216
573,215
571,213
572,209
570,207
573,204
568,205
569,202
568,204
567,203
568,203
565,204
562,207
557,209
554,211
552,209
554,211
553,214
549,212
547,211
544,211
540,213
539,217
538,215
536,215
533,215
531,219
526,220
526,221
528,218
528,218
530,217
528,221
527,224
529,223
525,226
526,224
525,224
521,224
517,228
515,231
516,231
513,234
515,230
510,229
510,232
511,230
508,228
505,228
507,227
505,225
502,229
499,231
499,231
499,230
497,232
493,232
490,232
491,231
490,231
489,233
489,232
489,230
488,229
485,229
479,231
473,235
469,238
465,239
463,240
464,240
461,244
464,244
462,247
460,246
459,248
457,248
453,248
453,245
453,245
450,244
447,246
450,245
444,247
442,248
441,249
441,248
443,250
442,250
439,250
438,253
441,253
443,251
445,250
444,250
444,250
445,250
443,251
442,249
439,251
435,254
432,255
429,256
430,257
428,258
426,263
426,263
426,263
422,269
421,268
422,266
423,267
422,266
422,267
423,267
428,268
427,266
427,265
427,265
425,266
425,268
422,270
421,270
415,271
415,270
417,271
412,270
414,274
417,273
413,275
412,277
414,276
416,274
416,276
416,273
415,273
414,270
413,272
414,271
414,272
415,275
415,275
411,277
413,276
408,278
405,277
405,278
402,277
399,280
400,280
396,282
393,284
390,283
389,286
386,288
383,288
378,291
374,297
370,300
370,299
366,302
365,301
367,300
367,302
369,304
366,305
363,304
363,303
361,303
360,304
364,303
359,307
355,309
358,308
355,311
355,310
354,311
354,314
356,311
354,312
355,312
355,311
357,307
355,308
352,308
349,310
349,313
347,314
349,314
347,317
346,316
347,315
344,318
342,322
340,321
337,326
341,327
343,326
339,330
341,329
338,329
339,328
340,328
340,330
340,330
340,326
338,325
338,325
336,325
337,324
335,326
332,328
330,329
326,335
326,335
323,340
326,341
327,340
328,339
327,341
329,344
327,344
326,342
323,342
322,344
321,345
321,345
321,346
321,345
320,349
318,351
317,354
316,355
316,355
313,358
315,361
315,361
311,366
309,367
309,368
308,369
307,370
307,369
308,368
311,366
311,369
311,369
312,370
308,373
308,378
308,379
308,380
309,376
309,379
306,382
305,384
305,385
306,384
305,386
302,390
300,391
301,394
303,395
304,394
302,394
300,394
299,396
297,397
295,395
296,396
301,395
299,397
296,398
298,401
295,403
294,406
293,408
293,410
291,414
288,416
288,418
288,418
285,419
283,422
286,420
286,419
284,420
286,418
287,419
288,416
287,416
288,414
288,414
287,416
288,417
285,417
286,419
284,419
281,420
281,422
282,423
281,425
280,427
280,427
279,429
277,431
277,432
275,434
275,436
272,439
271,439
270,440
269,438
269,439
271,436
267,441
266,439
264,440
263,440
264,437
262,440
261,443
257,448
257,451
257,452
255,456
252,460
250,463
252,462
252,463
251,462
251,462
253,465
253,465
253,465
250,470
252,471
250,476
251,476
251,476
248,480
246,484
243,486
243,489
239,493
237,499
235,502
235,502
233,504
231,507
231,509
227,515
229,516
227,519
226,518
227,520
229,521
227,523
224,525
224,529
226,529
227,531
225,533
224,533
226,535
226,537
227,538
225,542
223,547
223,549
224,548
224,549
225,549
228,546
229,545
225,551
222,554
221,556
221,556
220,556
217,559
215,561
216,560
215,561
213,565
213,566
210,571
210,572
211,572
212,570
210,573
210,572
208,576
207,580
207,580
206,581
205,582
206,581
206,581
208,579
208,580
208,580
207,578
205,579
204,581
202,583
200,587
199,591
198,591
197,593
194,596
193,597
192,596
190,598
191,598
187,603
184,607
184,609
182,613
180,616
181,617
179,621
180,621
181,622
181,626
182,627
182,628
180,629
179,631
178,635
177,636
177,638
174,644
175,643
173,645
173,647
172,651
173,650
173,651
172,653
172,653
170,656
171,658
172,657
171,661
171,663
169,665
170,665
170,666
168,669
168,671
168,672
168,675
167,676
167,676
165,680
166,681
167,681
166,682
165,682
165,687
166,688
166,689
166,688
165,692
164,695
161,697
160,698
157,702
157,702
155,706
154,707
154,709
154,708
154,710
155,711
157,710
157,712
157,714
157,713
155,717
154,717
153,719
151,719
149,720
146,725
145,725
145,725
146,727
142,732
138,736
137,737
136,739
135,741
136,741
132,745
131,748
131,753
127,756
126,757
127,758
127,759
128,759
127,762
126,764
126,764
126,766
124,769
123,770
124,770
124,769
122,771
123,771
122,774
123,773
122,773
121,773
120,773
121,773
118,777
118,778
118,779
118,779
117,781
116,782
116,782
115,782
113,786
112,789
110,790
108,793
109,793
109,793
108,795
107,798
107,798
106,799
105,800
103,803
102,805
102,807
103,807
101,810
100,812
100,812
99,815
100,815
98,817
99,815
99,815
98,817
100,815
101,817
100,819
100,820
100,820
98,822
96,823
98,821
99,821
98,823
97,825
96,826
95,827
94,828
93,830
93,830
93,831
92,834
92,834
94,834
92,835
92,836
92,836
91,837
91,838
90,840
89,844
88,846
88,846
87,848
86,849
84,852
84,854
84,855
83,856
84,855
84,854
84,855
84,854
84,856
84,857
83,859
83,858
82,859
82,860
82,861
83,861
82,862
82,862
80,864
80,866
77,870
78,870
79,870
80,870
78,872
78,873
76,875
76,876
75,878
74,878
73,879
73,879
73,880
72,880
72,881
71,882
72,881
72,882
72,883
72,883
72,883
73,882
73,882
74,882
74,883
74,883
74,884
73,885
73,886
72,887
71,888
69,892
69,892
67,894
67,894
66,895
66,896
67,896
67,897
67,897
67,897
67,898
66,899
65,901
65,900
64,901
63,903
62,904
62,904
61,905
60,906
58,909
60,907
60,907
59,908
59,908
58,910
57,914
56,915
54,917
53,918
53,918
53,919
52,919
52,920
52,920
50,922
50,923
49,924
49,924
49,924
48,924
48,924
47,925
48,924
47,925
47,925
46,926
46,926
46,927
46,926
46,926
46,926
44,929
46,927
46,927
45,928
43,930
42,931
42,931
42,932
43,931
43,933
44,932
45,931
44,933
44,933
43,934
42,935
41,936
41,936
40,937
38,939
37,940
37,940
37,940
37,941
35,943
34,945
34,945
34,946
33,947
33,947
33,947
33,948
34,947
34,947
34,947
34,947
34,947
34,947
34,947
34,947
33,948
32,949
32,950
32,950
32,950
32,950
32,950
32,950
32,950
32,950
32,950
33,949
33,949
33,949
34,948
34,948
34,948
34,948
34,948
33,950
33,951
33,951
32,952
32,953
31,954
30,956
30,956
30,956
30,956
30,956
30,956
30,956
30,956
30,957
29,958
29,958
29,958
28,959
28,960
28,960
28,960
28,960
27,961
27,961
27,962
27,962
26,963
26,963
24,965
23,966
23,966
23,966
23,966
23,966
23,966
23,966
23,966
23,966
23,966
23,966
