400,400
392,408
388,412
384,414
382,414
381,416
377,421
375,423
375,425
372,427
371,431
367,435
364,434
360,437
356,440
358,438
360,436
360,436
357,439
354,445
349,449
348,449
346,450
346,449
344,450
343,451
342,455
342,455
344,455
341,458
339,460
341,461
342,461
341,466
340,468
341,471
338,474
341,474
344,472
349,472
348,471
344,478
342,480
337,483
332,488
333,485
335,483
335,483
332,484
334,487
335,489
335,491
335,494
334,497
334,497
334,496
334,498
334,500
336,497
335,496
337,494
336,496
337,497
339,498
340,496
340,495
337,495
338,496
337,498
336,499
332,501
331,503
330,505
329,504
330,505
329,503
328,506
327,506
323,509
324,509
325,510
328,507
329,505
330,507
329,508
327,512
326,514
326,515
323,517
322,519
321,521
320,523
317,526
315,528
312,533
315,531
313,531
311,535
309,539
309,540
309,542
304,545
306,545
306,546
301,551
304,549
303,554
301,557
304,555
303,556
303,557
301,559
299,561
299,560
299,561
294,567
293,568
295,567
294,567
293,569
289,572
290,570
291,568
288,571
285,573
284,572
286,570
284,571
283,574
280,577
281,578
281,581
279,584
280,582
275,587
275,589
273,592
271,596
270,597
268,601
266,602
265,605
264,604
264,602
261,606
261,607
257,610
255,610
251,614
249,616
248,617
248,618
250,617
250,618
250,620
249,621
249,621
244,627
245,627
242,631
241,633
242,633
241,634
239,638
238,642
235,644
237,644
233,647
232,648
232,648
232,649
231,650
230,653
231,653
233,653
232,655
231,657
228,661
224,666
223,667
225,664
227,663
227,664
227,664
224,667
222,669
222,669
221,672
222,672
222,671
221,671
219,674
218,675
219,675
220,677
221,677
220,678
219,679
216,682
215,683
212,687
210,689
206,694
206,694
206,693
206,692
205,695
205,697
203,696
204,695
200,699
199,702
199,703
198,706
194,711
194,714
193,716
192,717
194,714
191,718
190,718
188,720
188,722
187,724
186,725
187,725
187,726
186,727
187,727
186,728
183,731
182,732
183,731
184,730
183,732
181,734
179,738
177,739
177,740
174,743
171,747
172,746
169,750
168,752
170,751
169,754
166,757
165,758
161,762
160,763
161,762
163,762
162,765
164,764
166,762
170,758
169,759
166,762
165,764
165,764
162,768
161,768
162,767
163,766
162,766
159,769
160,767
163,765
163,765
160,769
159,770
160,769
158,771
157,774
156,775
152,780
151,782
151,782
150,783
150,784
151,785
151,786
150,787
150,787
148,790
146,792
145,793
144,794
142,796
141,797
142,796
144,796
144,799
142,801
141,804
141,805
141,806
138,809
136,811
136,813
136,814
134,815
133,817
133,817
133,818
134,817
132,819
133,818
133,817
132,818
130,820
128,822
127,822
126,823
126,823
124,827
125,826
126,825
126,825
121,831
120,832
120,832
121,831
120,831
120,831
120,831
118,835
118,835
116,838
115,840
115,841
113,844
112,846
111,847
110,849
109,850
108,851
106,853
105,854
105,854
104,855
104,856
103,857
102,859
102,860
104,858
103,859
103,859
102,860
100,862
96,866
96,866
96,866
95,867
95,868
96,867
93,871
92,871
92,871
91,872
91,873
91,873
89,875
89,876
89,876
87,878
88,877
88,877
89,876
89,876
88,879
88,879
87,882
86,884
85,885
85,885
84,888
83,889
83,889
83,889
83,890
84,890
83,891
82,892
80,894
81,893
81,894
80,896
79,897
79,897
79,897
79,897
78,898
77,899
77,900
76,901
73,904
73,904
74,903
74,903
73,905
74,904
74,904
74,904
72,906
72,906
70,908
70,908
70,908
70,909
70,909
70,909
68,911
68,911
67,912
67,912
66,913
67,912
68,911
67,913
66,915
65,916
65,916
67,914
66,915
66,916
66,916
63,919
63,919
61,921
60,922
60,922
58,924
57,925
56,927
55,928
55,928
55,929
55,930
54,931
54,931
54,931
53,932
53,932
51,934
50,935
50,935
48,937
48,938
48,938
48,938
48,938
47,939
46,941
45,942
45,942
45,942
44,943
44,943
44,943
44,943
44,943
44,944
43,945
42,946
42,946
41,947
41,947
42,946
43,945
42,946
42,946
42,946
40,948
40,948
39,949
39,949
38,950
36,952
36,952
36,952
36,952
36,952
35,953
35,953
34,954
34,954
34,954
34,954
34,954
34,954
34,954
34,954
35,953
34,954
34,954
34,954
34,955
34,955
34,955
34,955
34,955
34,955
34,955
34,955
34,955
33,956
32,957
31,959
31,959
30,960
29,962
29,962
30,961
29,962
27,964
29,962
30,961
30,961
31,960
31,960
31,961
31,961
31,961
30,962
29,963
29,963
28,964
28,964
27,965
27,965
27,965
27,965
26,966
26,966
26,966
25,967
25,967
25,967
25,967
25,967
25,967
25,967
25,967
25,967
24,969
24,969
23,970
24,969
24,969
23,970
23,970
23,970
22,971
22,971
22,971
22,973
21,974
21,975
21,975
21,975
21,975
21,975
21,975
21,975
21,975
21,975
22,974
22,974
22,974
22,974
22,974
22,974
22,974
22,974
21,976
21,976
21,976
21,976
21,976
22,975
22,975
22,975
21,976
21,976
21,976
21,976
21,976
21,976
21,976
21,976
22,975
21,976
21,976
21,976
21,976
21,976
21,977
20,978
19,979
19,979
19,979
19,979
19,979
19,979
19,979
19,979
20,979
20,979
20,979
20,979
18,981
18,981
19,980
19,980
19,980
19,980
19,980
17,982
16,983
15,984
15,984
15,984
15,984
15,984
15,984
15,984
15,984
15,984
15,984
15,984
14,985
14,985
14,985
14,985
14,985
14,985
14,985
14,985
14,985
14,985
15,984
15,984
15,984
15,984
15,984
15,984
16,983
16,983
16,983
16,983
16,983
15,984
14,985
14,985
14,985
14,985
14,985
15,984
15,984
14,985
13,986
13,986
13,986
13,986
13,986
13,986
13,986
12,987
12,987
12,987
12,987
12,987
11,988
11,988
11,988
11,988
11,988
11,988
11,988
11,988
11,988
11,988
10,989
10,989
10,989
10,989
10,989
9,990
10,989
10,989
10,989
10,989
10,989
10,990
10,990
10,990
10,990
10,990
10,990
9,991
9,991
9,991
9,991
8,992
8,992
8,992
8,992
8,992
8,992
8,992
8,992
8,992
8,992
8,992
8,992
9,991
9,991
9,991
10,990
10,990
10,990
10,990
10,990
10,990
10,990
10,990
10,990
10,990
10,990
10,990
10,990
10,990
10,990
10,990
10,990
10,990
10,990
10,990
10,990
11,989
11,989
11,989
11,989
10,990
10,990
10,990
10,990
10,990
10,990
10,990
10,990
9,991
8,992
8,992
8,992
8,992
8,992
8,992
8,992
8,992
8,992
8,992
8,992
8,992
8,992
8,992
8,992
8,992
7,993
7,993
7,993
7,993
7,993
7,993
7,993
7,993
7,993
7,993
7,993
7,993
7,993
6,994
6,994
6,994
6,994
6,994
6,994
6,994
6,994
6,994
6,994
6,994
6,994
6,994
6,994
6,994
6,994
6,994
6,994
6,994
