50,150
42,158
44,158
44,158
44,159
44,162
45,164
47,167
47,169
49,167
51,173
53,176
55,181
55,183
55,184
55,184
53,183
54,186
54,189
54,194
58,196
61,196
61,196
65,199
63,201
66,201
66,204
67,206
69,208
70,209
71,212
71,213
72,212
73,212
76,209
78,208
78,208
81,210
81,211
82,213
80,217
82,217
85,218
85,221
86,224
88,226
88,225
88,225
90,229
94,230
93,228
93,229
94,229
96,231
97,230
101,228
100,230
103,229
104,231
104,231
103,234
106,234
107,234
107,236
106,239
107,239
108,241
107,245
107,250
107,252
108,254
108,253
111,254
113,255
116,252
115,254
118,254
119,257
117,259
118,257
118,257
118,257
119,261
121,262
121,264
121,263
123,264
125,261
128,261
127,263
127,259
129,257
130,259
132,259
135,262
135,261
136,264
136,265
135,264
134,264
134,267
135,267
136,269
132,270
133,271
133,275
135,273
134,277
134,274
132,274
134,274
132,274
136,273
136,274
136,278
137,282
137,284
135,286
136,287
136,291
139,289
137,296
139,295
140,297
139,298
140,299
140,305
139,306
141,307
142,310
141,311
139,313
137,317
136,322
135,324
135,325
134,325
136,325
137,328
138,332
139,335
144,334
146,334
146,337
146,339
144,341
146,343
149,345
146,348
146,350
148,350
148,348
147,349
150,347
151,347
153,344
154,348
154,353
155,352
156,351
156,354
158,357
161,355
162,356
165,354
166,353
166,356
167,357
167,360
167,359
167,359
167,363
168,365
170,370
172,371
169,371
169,372
170,369
169,375
166,378
166,375
165,374
167,374
169,372
169,373
168,378
169,381
166,382
166,382
166,384
167,385
167,386
167,391
165,396
167,395
167,394
167,397
165,402
164,404
163,408
164,411
165,414
163,418
162,422
161,425
160,429
159,431
162,435
161,438
159,439
159,440
159,442
159,442
159,445
159,448
160,453
158,458
158,459
157,463
157,466
159,466
159,471
159,472
156,474
156,473
155,475
154,478
155,478
153,481
152,485
155,486
156,488
156,491
158,494
158,496
160,496
159,495
159,492
158,494
157,494
158,498
156,500
160,499
163,499
162,501
161,502
160,506
159,507
158,507
159,509
159,511
156,516
156,517
157,519
159,520
156,525
157,527
159,526
157,526
157,529
156,531
155,534
154,535
154,539
151,545
149,549
150,550
150,553
151,552
150,553
148,553
149,555
151,557
151,561
151,561
152,560
150,562
149,566
149,567
149,567
148,568
147,570
143,575
143,575
145,577
145,579
146,580
147,580
143,585
144,584
143,588
143,590
143,591
144,595
145,599
143,604
143,607
145,608
143,611
140,615
140,618
136,622
137,624
137,626
137,626
140,624
139,627
140,627
139,630
137,632
137,634
139,632
140,633
138,634
138,637
137,637
136,639
137,638
136,641
134,644
134,647
134,650
134,652
134,654
133,657
130,661
131,662
131,664
130,667
130,670
128,673
129,674
127,675
129,676
129,677
128,677
127,679
126,680
127,682
126,684
123,687
122,687
121,690
120,692
117,694
116,695
116,696
117,697
115,703
114,708
111,713
109,718
109,718
107,721
108,721
107,724
106,727
106,728
106,729
104,729
103,730
102,730
106,728
106,729
105,732
106,729
104,732
103,734
101,735
100,737
97,741
98,742
99,740
99,742
101,741
101,743
101,743
99,745
97,748
95,752
93,756
92,757
92,757
90,758
90,760
89,764
88,765
87,766
85,771
83,773
83,773
83,773
82,775
83,777
81,781
81,783
82,782
79,785
79,787
80,789
80,790
79,792
75,796
75,798
75,798
73,801
73,800
73,801
72,804
70,808
70,808
70,809
70,810
70,810
70,811
70,813
72,813
73,812
72,814
71,816
69,820
68,823
67,825
67,828
66,829
65,832
65,833
65,832
65,834
66,833
65,837
64,837
65,837
63,838
63,838
62,839
61,841
61,841
61,842
59,844
59,844
58,846
57,850
57,850
57,849
56,850
56,851
57,851
57,852
54,855
54,856
52,859
53,858
53,859
53,860
54,859
55,859
55,859
55,861
55,863
54,868
54,868
54,869
55,868
55,868
54,869
54,869
54,870
52,872
51,875
51,875
51,877
51,878
51,878
53,876
54,879
54,879
54,879
52,882
52,882
52,882
52,884
53,883
54,882
54,883
55,883
54,885
54,886
53,889
53,889
53,889
53,889
52,890
50,892
50,893
50,893
48,895
48,896
47,897
47,897
47,898
47,898
47,898
44,902
44,902
45,902
45,903
45,903
45,903
45,903
44,904
43,905
43,906
43,909
44,908
42,910
42,911
42,912
42,912
42,913
43,912
43,913
43,914
43,915
43,916
42,917
42,917
42,917
41,919
41,920
41,922
41,923
40,924
40,924
40,924
39,925
39,926
40,925
39,926
39,927
39,929
39,929
39,930
39,930
39,930
39,932
38,933
38,933
37,935
36,936
37,935
37,935
36,937
37,936
35,938
36,939
35,941
35,941
35,941
35,942
35,942
33,944
32,945
32,945
32,945
31,947
31,949
31,949
31,950
32,950
32,950
32,950
31,951
30,952
30,952
30,952
29,953
29,953
28,955
28,955
28,955
28,955
28,955
28,955
30,953
31,952
29,955
30,955
31,955
30,956
31,955
31,955
31,955
30,956
30,956
29,957
29,957
27,959
28,958
28,958
28,958
28,958
28,958
29,957
28,958
28,958
28,958
28,958
28,959
28,959
28,959
27,961
27,961
27,961
27,961
27,961
27,961
27,961
27,961
26,962
26,962
26,962
26,962
26,962
26,963
26,963
26,963
26,963
27,962
27,962
27,962
27,962
27,962
27,962
27,962
27,962
27,962
27,962
27,963
27,963
27,963
27,963
27,963
26,964
25,965
25,965
25,965
24,966
23,967
23,967
22,968
22,969
22,969
22,969
22,969
23,968
23,968
24,968
25,967
24,968
24,968
24,968
24,968
24,968
24,968
24,968
24,968
24,968
24,968
24,968
24,968
23,969
23,969
22,970
22,970
21,971
21,971
21,971
21,971
21,971
19,973
18,974
18,974
18,974
18,974
18,974
18,974
18,974
18,974
17,975
17,975
17,975
17,975
17,975
17,975
17,975
17,975
17,975
17,975
17,975
17,975
17,975
17,975
17,975
17,975
17,975
17,976
17,976
18,975
18,975
17,976
16,977
16,977
16,977
16,977
16,977
16,977
16,977
16,977
16,977
15,978
15,978
15,978
15,978
15,978
15,978
15,978
15,978
14,979
14,979
15,978
15,978
15,978
15,978
15,978
16,977
15,978
14,979
14,979
14,979
14,980
15,979
15,979
14,980
14,980
14,980
14,980
15,979
15,979
14,980
14,980
14,980
14,980
14,980
14,980
14,980
14,980
14,980
14,980
14,980
14,980
14,980
14,981
14,981
14,981
14,981
14,981
14,981
13,982
13,982
13,982
13,982
13,982
13,982
13,982
13,982
13,982
13,982
13,982
13,982
13,982
13,982
13,982
14,981
14,981
14,981
14,981
14,981
14,981
14,981
14,981
14,981
14,981
13,982
13,982
12,983
12,983
12,984
12,984
12,985
12,985
