50,250
41,259
42,261
43,262
43,262
42,267
44,269
43,274
42,281
42,283
43,287
45,291
46,292
47,297
49,296
50,299
50,303
52,307
54,310
56,311
54,314
57,315
56,317
57,324
56,328
57,332
58,332
59,333
59,339
61,345
60,349
59,355
59,356
59,355
61,357
61,363
62,371
62,373
62,376
64,379
65,382
66,387
65,390
66,391
66,394
66,394
66,397
66,397
65,402
66,404
65,408
67,409
67,412
68,414
68,417
67,420
67,424
69,424
70,427
68,431
68,432
68,437
69,440
70,444
71,446
72,449
73,448
75,449
75,452
76,452
74,455
74,458
72,465
71,469
73,470
74,474
75,476
74,479
73,483
74,487
74,492
76,495
75,499
75,502
76,504
79,506
78,507
76,510
75,511
76,514
79,515
78,516
76,521
76,522
76,525
76,526
76,529
77,531
77,533
75,537
74,540
73,542
74,544
75,544
76,547
76,549
76,552
76,558
76,562
75,565
77,567
76,572
78,572
79,577
78,579
79,577
78,579
80,578
79,581
81,583
81,584
80,589
82,589
82,586
82,587
83,589
82,590
81,595
80,598
80,599
78,602
78,605
79,607
79,608
78,614
79,612
78,616
77,617
77,615
76,621
74,624
74,626
73,629
71,630
70,634
69,639
71,642
71,643
72,644
70,651
69,654
69,659
68,662
67,667
64,670
64,672
62,676
63,677
63,683
64,682
64,684
65,686
66,686
67,687
67,689
68,691
68,694
69,697
69,698
70,699
67,704
66,707
65,710
64,713
65,716
64,720
64,724
61,729
62,730
63,728
63,732
61,737
62,738
63,738
64,739
64,742
65,741
65,742
65,743
65,745
65,748
63,755
60,758
60,758
59,763
60,766
60,766
60,768
60,770
62,770
62,773
60,775
61,775
60,775
59,777
60,778
60,781
59,783
59,785
60,785
60,785
59,786
58,788
58,788
58,791
58,792
58,793
59,793
59,797
59,798
58,798
58,798
59,797
58,799
56,802
56,803
55,804
54,806
54,806
55,806
54,808
55,807
55,807
56,806
57,808
56,811
56,810
57,809
57,809
57,810
58,811
58,812
59,813
60,812
60,814
61,813
61,816
60,818
59,817
59,817
58,817
58,818
57,822
58,822
58,821
58,824
60,822
59,824
59,824
59,825
57,828
57,830
56,832
54,835
54,836
54,837
54,839
52,840
51,842
51,842
51,842
51,844
52,844
52,844
52,845
52,849
52,849
53,850
53,851
52,852
51,854
52,854
50,858
50,858
50,859
50,860
49,861
48,862
48,863
48,863
49,862
48,864
48,867
47,869
47,870
47,870
46,871
46,871
46,871
46,871
45,873
46,873
46,874
44,876
45,877
43,879
45,877
44,878
44,879
44,879
43,880
41,883
41,883
40,885
39,888
39,888
40,887
40,887
40,890
38,893
38,896
37,898
37,898
36,901
36,901
36,902
36,904
36,903
36,903
36,903
37,902
37,904
36,906
36,907
36,907
36,908
35,909
34,910
34,909
32,911
32,911
31,912
30,913
29,915
29,915
28,916
27,917
27,917
28,916
29,915
29,915
29,915
28,917
28,917
28,919
27,921
28,920
28,920
28,922
27,923
27,924
27,924
28,923
28,925
27,927
27,927
27,928
28,928
27,929
27,929
27,929
27,929
27,929
26,931
26,932
25,934
25,935
24,937
24,937
24,938
23,939
23,940
23,940
23,940
23,940
24,940
24,940
24,940
24,941
24,942
24,942
24,942
24,944
24,944
24,944
24,945
24,945
23,946
23,946
23,946
23,946
21,949
22,948
22,948
22,948
22,948
22,948
22,949
22,949
22,949
22,950
22,950
21,951
21,950
21,950
21,950
20,951
21,950
21,950
21,950
21,951
21,951
21,951
21,952
20,954
20,955
20,955
20,955
19,956
19,956
19,956
18,957
18,957
17,958
17,958
16,959
16,959
16,959
16,959
16,960
16,960
15,961
15,961
15,961
15,961
15,961
14,962
14,963
14,963
14,963
14,963
14,963
14,963
14,963
14,963
14,963
15,963
15,963
15,963
16,962
15,963
15,963
15,963
15,964
15,964
15,964
15,964
15,966
14,967
14,967
14,967
14,968
14,968
14,968
14,968
14,968
13,969
13,969
13,969
13,971
13,971
13,971
13,971
12,972
11,973
11,974
11,975
11,975
10,976
10,977
10,977
10,977
10,977
9,978
9,978
9,978
9,978
9,978
9,978
9,979
8,980
8,980
8,981
9,980
9,980
9,980
9,980
9,980
9,980
9,980
9,980
8,981
8,981
7,982
7,982
7,982
7,982
7,982
7,983
7,983
7,984
7,984
7,984
7,984
8,983
8,983
8,983
8,983
7,984
7,984
7,984
7,984
7,984
7,984
6,985
6,985
6,985
6,985
6,985
6,985
6,985
6,985
6,985
6,985
6,985
6,985
6,985
6,985
6,985
6,985
5,987
5,987
5,987
5,987
5,987
5,987
5,987
5,987
5,987
5,987
4,989
4,989
4,989
4,989
4,989
4,989
4,989
4,989
4,989
4,989
4,989
4,989
4,989
4,989
4,990
4,990
4,990
4,991
4,991
4,991
4,991
4,991
4,991
4,991
4,991
4,991
4,991
4,991
4,991
4,991
4,991
4,991
4,991
4,991
4,991
4,991
4,991
4,991
4,991
4,991
4,991
4,991
4,991
4,991
4,991
4,991
5,990
5,990
5,990
5,990
5,991
5,991
5,991
5,992
5,992
5,992
5,992
5,992
5,992
5,992
5,992
5,992
5,992
5,992
5,992
5,992
5,992
5,992
3,994
3,994
3,994
3,994
3,994
3,994
3,994
3,994
3,994
3,994
3,994
3,994
3,994
3,994
3,994
3,994
3,994
3,994
3,994
3,994
3,994
3,994
3,994
3,994
3,994
3,994
3,994
3,994
3,994
2,995
2,995
2,995
2,995
2,995
2,995
2,995
2,995
2,995
2,995
2,995
2,995
2,995
2,995
2,995
2,995
2,995
2,995
2,995
2,995
2,995
2,995
2,995
1,996
1,996
1,996
1,996
1,996
1,996
1,996
1,997
1,997
1,997
1,997
1,997
1,997
1,997
1,997
1,997
1,997
1,997
1,997
1,997
1,997
1,997
1,997
1,997
1,997
1,997
