50,350
41,359
41,364
42,368
42,369
43,368
43,373
45,375
47,375
47,378
48,382
48,388
51,391
50,397
49,401
50,404
51,408
50,414
51,419
52,422
54,421
55,429
55,433
56,434
58,436
57,441
56,448
57,453
57,458
56,463
55,467
55,472
54,474
53,477
53,479
54,480
53,485
55,483
55,486
57,486
58,491
57,493
58,497
59,501
60,503
60,505
61,506
62,505
61,509
61,513
62,515
60,518
60,520
60,523
60,528
58,536
58,540
59,543
59,541
59,544
59,547
59,549
59,551
59,553
59,555
58,560
56,563
56,569
56,575
57,577
58,577
56,580
56,581
55,582
57,581
57,582
57,583
58,585
59,588
58,593
57,595
56,597
57,601
55,605
55,607
54,610
54,613
54,617
53,622
53,626
54,632
55,638
54,643
53,647
52,650
51,653
51,654
52,657
51,659
52,662
52,664
52,667
52,670
51,672
50,673
51,674
51,677
52,679
53,681
54,684
53,689
51,694
50,698
49,699
50,701
50,701
49,705
49,706
48,707
48,708
48,710
48,712
48,713
48,717
49,718
50,721
50,724
49,725
49,726
49,729
50,730
49,734
48,736
48,737
49,736
48,737
48,740
47,742
47,743
47,744
47,745
46,748
46,752
46,753
46,754
46,755
46,755
45,757
43,761
43,763
43,766
42,771
41,775
43,774
43,776
43,777
44,776
44,777
45,778
44,780
44,783
43,786
43,787
43,788
43,792
45,790
46,790
46,791
46,794
45,798
46,799
46,799
46,801
46,803
47,804
47,806
48,806
48,807
48,809
48,809
47,810
47,814
47,814
47,814
47,814
46,816
46,819
45,819
46,822
46,824
46,824
45,825
44,829
45,828
44,830
44,831
46,830
45,833
44,836
44,840
42,843
42,845
42,846
43,845
43,848
43,849
43,850
42,851
42,853
41,854
41,854
41,857
41,857
41,858
41,860
41,860
40,861
39,864
39,864
37,866
36,867
36,867
36,869
35,871
35,872
34,873
33,876
33,877
33,878
32,881
32,881
32,881
32,883
31,885
30,886
30,886
29,888
29,891
28,894
27,895
27,898
27,899
27,901
26,902
26,904
26,904
26,905
25,907
25,908
25,908
25,909
25,909
23,912
23,912
23,913
23,914
23,914
22,916
22,917
22,917
22,917
22,918
20,920
19,922
19,923
19,923
19,923
19,925
19,928
19,929
18,930
18,930
18,932
18,932
18,932
17,934
17,933
17,933
17,933
17,933
17,933
17,933
17,933
17,933
16,935
16,935
16,935
16,936
15,937
15,937
15,937
15,937
15,937
15,937
15,938
15,938
15,939
15,939
15,941
14,943
14,943
14,943
14,943
13,945
14,944
13,945
13,946
13,947
13,948
13,948
13,948
13,948
12,950
12,952
12,953
12,954
12,955
12,955
12,955
11,957
11,958
10,959
10,959
10,959
10,960
10,960
9,961
9,962
8,963
8,964
8,964
8,967
8,967
8,967
8,967
8,967
8,967
8,967
7,968
7,968
7,968
7,968
7,969
7,969
7,969
7,970
7,970
7,970
6,971
6,971
6,972
6,973
6,973
5,974
5,974
5,975
5,975
5,975
4,976
4,976
4,977
4,977
4,978
4,978
4,978
4,978
4,978
4,978
4,978
4,979
4,979
4,979
4,979
4,979
4,979
4,979
4,979
4,979
4,979
3,980
3,980
3,980
3,981
3,981
3,981
3,981
3,982
3,982
3,982
3,982
3,982
3,982
3,982
3,982
3,982
2,983
2,984
2,985
2,986
2,986
2,986
2,986
2,987
2,987
2,987
2,987
2,987
2,987
2,987
2,987
2,987
2,987
2,988
2,988
2,988
2,988
2,988
2,988
2,988
2,988
2,988
2,988
2,988
2,988
2,989
2,989
2,989
2,989
2,989
2,989
2,989
2,989
2,989
2,989
2,989
2,989
2,989
2,989
2,989
2,990
2,990
2,990
2,990
2,990
2,990
2,990
2,991
2,991
2,991
2,991
2,991
2,991
2,991
2,991
2,991
2,991
2,991
2,991
2,991
2,991
2,991
2,991
2,992
2,992
1,993
1,993
1,993
1,993
1,993
1,993
1,993
1,993
1,993
1,993
1,993
1,993
1,993
1,993
1,993
1,993
1,993
1,993
1,993
1,993
1,993
1,993
1,993
50,350
40,360
39,362
41,363
40,369
41,371
42,377
43,380
44,385
46,391
47,395
46,402
46,407
46,410
46,414
47,418
46,424
46,431
46,436
46,438
47,441
47,445
48,449
48,454
49,460
49,463
48,469
48,471
48,472
48,473
47,479
47,485
47,488
46,492
48,496
47,498
47,502
47,508
48,509
48,513
49,519
50,520
50,522
50,522
50,526
50,526
51,530
50,535
51,538
50,538
49,541
50,543
50,548
49,554
51,553
51,556
51,557
50,563
50,564
51,565
52,569
51,573
49,578
48,582
48,583
48,586
48,589
47,590
46,594
48,594
49,594
49,594
49,601
49,604
49,609
51,611
50,614
51,617
49,622
50,623
49,625
48,630
48,632
47,633
47,634
47,638
46,642
44,649
45,652
44,655
44,656
45,656
47,660
47,661
47,662
47,665
46,668
48,668
48,669
49,670
49,671
49,677
49,680
49,681
48,684
46,688
46,688
47,690
46,692
45,696
46,697
46,697
46,698
46,702
47,702
47,705
48,706
48,708
47,710
48,709
48,715
47,720
47,721
45,724
45,727
45,731
45,733
45,734
47,736
47,740
47,743
47,745
48,746
48,750
47,750
48,752
48,754
49,754
49,755
48,758
48,760
47,764
47,766
48,766
47,768
45,771
45,771
44,773
43,775
41,777
41,779
41,781
41,784
41,785
41,787
41,793
42,793
41,796
41,795
41,796
40,797
39,800
39,802
39,802
39,804
39,805
39,805
38,806
38,808
38,810
37,811
37,812
36,817
36,817
35,818
35,822
36,822
36,823
37,823
37,824
37,828
35,832
34,834
34,836
34,837
35,837
35,838
35,838
35,838
34,840
33,842
33,842
33,843
32,844
32,846
33,847
33,848
33,849
33,850
33,851
34,852
34,855
35,854
35,854
35,855
35,855
34,857
33,858
33,858
33,859
33,859
32,860
33,860
33,861
33,861
32,862
32,865
32,865
32,865
32,866
32,867
32,867
32,868
31,870
32,870
32,871
32,872
32,874
31,876
31,876
31,876
31,877
31,878
32,877
32,878
32,880
32,880
30,884
31,884
29,887
28,889
28,889
28,891
28,891
27,893
27,895
26,898
26,900
25,901
25,901
25,901
25,901
25,901
25,901
25,901
25,901
25,902
25,903
25,904
23,907
25,905
25,906
25,907
25,908
25,910
25,911
25,912
25,913
25,914
26,913
25,914
24,916
24,917
24,917
24,918
24,918
24,920
24,920
23,921
23,921
23,921
23,921
23,922
23,925
23,925
22,926
22,927
21,928
21,928
21,928
21,928
21,928
21,928
21,928
21,928
20,931
19,932
19,932
19,932
19,932
19,932
19,932
19,933
19,933
19,934
19,935
18,936
18,936
18,936
17,937
16,938
16,938
16,938
16,938
16,939
15,940
14,941
13,942
13,942
14,941
14,941
13,942
13,942
13,942
13,942
13,942
13,942
11,944
11,944
11,944
11,944
11,945
11,947
11,947
10,949
10,950
10,950
10,950
10,950
10,950
10,950
10,950
10,951
10,953
10,953
10,954
10,954
10,954
10,954
10,954
10,955
10,955
10,956
10,956
10,956
10,956
10,956
10,956
10,957
10,957
10,957
10,958
10,958
10,959
10,959
10,960
10,960
10,960
10,960
10,962
10,963
10,964
10,964
10,964
10,964
10,964
10,964
10,964
10,965
9,966
9,966
9,966
10,965
10,965
10,966
10,966
10,966
10,966
10,966
10,966
10,966
10,967
10,967
10,967
10,967
10,967
10,967
10,967
10,967
10,967
10,968
10,969
10,970
10,971
10,971
10,971
10,971
10,971
10,971
10,971
10,971
9,972
9,972
9,973
8,974
8,975
8,975
8,975
8,976
8,976
9,975
9,975
10,976
10,976
10,976
10,976
10,977
10,977
10,977
10,977
10,978
10,978
10,978
10,978
10,978
10,978
10,978
10,979
10,979
10,979
10,980
10,980
10,980
10,980
10,980
10,980
10,980
10,980
10,980
10,980
10,980
10,980
9,981
7,984
7,985
7,985
7,986
7,986
7,986
7,986
7,986
7,986
7,986
7,986
7,986
7,986
7,986
7,986
7,986
7,986
7,986
7,986
6,987
6,987
6,987
5,988
5,988
5,988
5,988
5,988
5,988
5,988
5,988
5,988
6,987
6,987
6,987
6,987
6,987
6,987
6,987
6,987
6,987
6,987
7,987
7,987
7,987
7,987
7,987
7,987
7,987
7,987
8,986
8,986
8,986
8,986
8,987
8,987
8,987
8,987
8,987
7,988
7,988
7,988
7,988
7,988
7,988
7,988
7,988
7,989
7,989
7,989
7,989
7,989
7,989
7,989
7,989
7,989
7,989
7,989
6,990
6,990
6,990
6,990
6,990
6,990
6,990
6,990
6,990
6,990
6,990
7,989
7,989
7,989
7,989
7,989
7,989
7,989
6,990
6,990
6,990
6,990
6,990
6,990
6,990
6,990
6,990
6,990
6,990
5,991
5,991
5,992
5,992
5,992
5,992
5,992
5,992
5,992
5,992
5,992
5,992
5,992
5,992
5,992
5,992
4,993
4,993
4,993
4,993
4,993
4,993
4,993
4,993
4,993
4,993
4,993
4,993
4,993
4,993
4,993
4,993
4,993
4,993
4,993
4,993
4,993
4,993
4,993
4,993
4,993
4,993
4,993
4,993
4,993
4,993
3,994
3,994
2,995
2,995
1,996
1,996
1,996
1,996
1,996
1,996
1,996
1,996
1,996
1,996
1,996
1,996
1,996
1,996
1,996
1,996
1,996
1,996
1,996
1,996
1,996
1,996
1,996
1,996
1,996
1,996
1,996
1,996
1,996
1,996
