400,200
394,206
387,209
386,211
385,212
386,211
385,212
385,209
384,210
383,212
383,212
381,210
380,213
375,214
374,213
375,217
375,217
379,218
378,215
379,211
382,211
384,212
385,214
383,219
386,218
384,220
384,220
382,221
384,220
384,218
386,218
381,221
378,224
376,225
375,226
377,221
379,219
377,222
379,220
377,219
376,219
375,220
371,221
368,224
370,222
371,223
371,224
370,223
372,223
374,222
376,223
379,223
378,222
377,221
375,221
374,220
370,222
368,225
367,222
367,220
367,218
364,218
365,218
362,221
363,223
361,224
359,227
359,224
358,224
360,222
360,227
361,230
359,231
360,230
357,237
356,236
352,238
352,242
351,245
349,245
348,243
351,241
352,240
355,239
354,237
351,237
352,236
348,235
346,235
347,234
345,234
344,230
342,230
342,229
343,229
342,228
345,227
347,225
348,227
349,228
346,229
345,229
344,228
343,229
338,231
339,234
336,234
335,234
335,236
336,235
335,237
334,236
330,236
330,237
330,236
329,234
330,235
328,235
328,235
328,234
326,234
327,231
327,232
326,232
326,233
326,233
325,231
323,233
323,232
318,235
314,237
312,236
313,237
310,236
313,236
313,237
311,236
312,236
312,236
312,236
314,234
314,234
313,235
314,234
317,234
316,231
315,230
312,231
312,230
310,231
313,230
315,230
313,230
316,229
317,224
318,226
317,228
316,225
319,223
320,222
322,221
324,218
322,218
320,218
321,216
322,220
320,223
317,224
314,226
315,225
313,226
313,224
309,224
306,225
309,227
310,223
310,223
307,223
310,224
311,221
308,222
309,224
312,220
313,221
309,224
309,222
306,223
306,226
308,226
308,226
307,231
307,232
309,233
304,234
305,236
304,239
302,239
303,239
301,236
301,237
300,238
296,240
296,242
296,243
293,245
293,247
293,248
292,251
291,251
291,249
291,249
291,246
289,246
292,243
292,243
292,241
292,240
293,240
295,239
294,243
294,243
296,245
292,245
290,247
287,248
285,249
285,248
284,247
279,250
282,250
284,248
285,245
291,245
290,246
286,248
286,250
284,250
283,250
284,249
283,254
285,255
282,259
281,257
280,255
279,260
278,257
276,253
280,254
279,256
281,259
280,259
281,259
282,259
283,263
284,264
285,267
290,269
290,270
286,271
286,272
284,272
285,273
285,272
284,271
283,271
278,271
278,270
279,269
281,269
282,269
283,272
284,274
284,273
284,271
285,272
284,277
283,278
283,274
284,272
281,273
277,278
275,280
274,279
273,283
274,284
273,288
271,291
272,288
270,290
270,290
269,293
270,294
270,295
272,298
271,301
273,300
274,299
273,299
269,302
265,308
264,308
263,309
264,312
262,317
261,317
261,315
263,313
262,310
261,311
262,308
264,311
261,312
255,315
253,316
252,317
251,317
251,318
249,315
250,316
250,313
247,315
246,315
245,318
243,320
240,323
239,326
238,324
238,326
241,321
241,321
242,320
241,322
240,322
240,323
238,325
238,324
238,325
235,327
236,327
237,328
235,332
235,337
236,336
238,336
237,339
233,341
231,342
234,341
236,342
235,341
233,346
235,344
235,348
234,354
232,356
230,357
228,358
227,357
226,357
226,357
225,361
226,367
229,364
230,361
231,357
227,359
223,363
225,365
222,368
221,369
221,372
218,376
216,379
213,380
215,380
213,384
211,390
210,392
208,394
208,398
206,401
204,404
204,406
203,410
201,411
202,413
204,413
203,414
206,414
204,417
202,420
201,419
201,420
202,419
203,417
203,418
201,421
197,425
196,427
198,428
196,432
193,433
198,430
197,433
197,439
196,445
194,449
193,451
192,455
189,459
188,463
188,463
186,464
185,466
185,471
184,473
182,473
184,475
184,478
184,477
183,479
183,483
179,483
177,486
176,490
173,494
171,498
172,498
173,498
170,500
167,504
165,505
166,502
165,505
164,505
166,503
165,509
163,512
164,512
165,512
165,516
162,520
161,521
159,523
160,522
160,524
157,528
155,533
150,537
148,537
148,540
147,543
147,545
145,552
147,555
147,556
146,557
145,559
145,563
145,566
146,569
144,570
144,571
143,572
141,578
142,577
141,578
139,581
138,584
136,588
134,589
135,593
137,594
134,598
133,601
132,604
133,605
136,602
136,605
138,602
136,605
135,608
136,608
136,611
135,612
135,615
135,617
137,618
136,619
137,617
137,618
136,618
137,617
139,616
138,618
138,621
140,621
139,626
137,631
137,631
134,633
136,632
134,634
136,633
135,637
137,640
135,644
133,645
133,646
131,651
132,651
132,652
131,654
132,657
130,660
129,660
129,660
128,661
128,662
128,663
130,666
130,668
130,669
131,667
128,674
129,674
129,676
128,681
128,681
127,685
123,692
122,692
122,695
123,698
122,700
120,703
120,705
120,707
119,709
119,710
116,714
114,715
115,715
115,717
116,717
114,720
114,723
115,723
116,723
115,724
114,729
113,730
112,733
112,732
112,733
110,737
110,741
109,741
107,745
110,743
109,745
109,748
108,748
108,748
109,750
109,754
109,754
108,754
108,755
107,756
108,755
106,757
105,760
105,761
104,762
102,767
101,772
100,775
100,776
98,778
97,780
96,781
97,780
97,782
97,782
98,782
97,783
97,785
98,784
98,784
96,785
96,787
96,788
95,792
95,792
94,793
94,794
93,795
93,799
93,799
91,802
90,804
90,804
89,806
87,809
86,813
87,812
88,810
88,811
86,814
85,816
84,818
82,821
83,821
83,822
84,821
84,820
84,822
83,824
83,823
81,825
80,826
80,826
81,825
80,826
81,826
81,826
80,828
81,828
80,829
81,828
80,829
80,829
80,831
79,833
79,833
79,834
78,837
79,837
77,839
76,842
75,843
75,845
75,848
73,851
73,850
72,851
73,855
73,855
72,857
71,859
71,860
72,859
70,861
70,861
71,861
70,863
70,863
70,863
70,865
69,866
68,867
67,869
67,870
67,871
67,871
68,871
67,873
65,875
64,876
65,874
66,872
65,874
64,876
63,877
63,880
62,881
63,881
63,881
63,881
62,883
60,885
60,887
60,888
59,890
59,890
59,891
58,892
55,896
54,897
54,897
53,898
54,898
54,899
52,901
52,903
51,904
51,905
52,904
52,904
52,905
52,905
52,905
51,905
52,903
51,904
50,906
50,907
49,908
49,908
49,910
48,910
49,909
49,909
49,909
48,910
49,909
48,910
48,910
47,911
46,913
46,914
45,915
45,916
45,916
46,915
45,916
44,918
43,919
43,920
43,920
43,920
43,921
42,923
42,926
42,926
43,926
42,927
41,928
37,933
37,933
37,933
37,933
37,933
37,934
37,934
37,934
37,934
37,934
37,934
37,934
37,935
37,936
37,936
37,936
37,937
37,937
36,938
36,938
35,939
35,939
34,940
34,940
34,940
34,941
34,941
34,941
35,940
35,941
33,943
33,944
33,944
34,943
34,944
34,944
34,944
34,944
34,945
34,945
33,946
33,946
33,946
33,946
33,947
33,947
31,949
30,950
30,950
31,949
31,949
31,949
31,949
31,949
30,950
29,951
28,952
28,952
28,952
29,951
29,951
27,954
