900,50
899,51
899,49
898,50
896,51
894,52
891,55
891,55
889,56
888,56
887,58
887,58
887,58
885,60
883,61
882,60
880,62
879,63
880,63
875,66
875,65
871,66
871,66
868,68
867,68
866,68
867,68
865,67
864,66
863,65
860,68
860,68
857,69
855,69
854,70
851,71
849,71
844,73
841,73
838,74
835,76
835,75
835,76
832,76
828,76
825,73
822,73
823,74
819,74
815,75
812,75
810,79
809,80
807,81
804,82
802,83
796,84
793,85
791,85
788,85
783,84
782,85
780,85
782,85
778,85
774,86
774,86
772,86
768,89
763,90
759,90
756,92
754,92
753,93
749,92
748,95
747,96
745,97
745,97
743,96
744,96
743,98
741,97
739,99
735,101
730,105
726,108
723,109
725,108
724,107
719,108
716,108
714,109
709,109
705,110
703,110
700,114
700,113
695,115
693,116
689,118
686,118
687,117
690,116
691,115
689,116
688,120
684,123
680,123
679,122
673,122
674,122
674,122
668,125
666,124
663,125
663,125
658,126
657,127
651,129
651,129
653,128
651,128
653,127
651,127
645,128
640,131
639,132
638,133
638,133
636,132
636,133
635,133
633,131
635,131
632,133
631,129
628,128
623,129
621,129
622,129
621,130
620,131
619,131
619,132
616,133
614,135
608,137
605,136
604,139
604,138
605,137
604,136
601,135
598,135
598,132
595,132
595,132
594,132
591,132
589,131
588,132
588,132
588,130
583,132
580,132
578,134
573,132
570,132
568,132
566,129
564,128
562,128
560,128
556,129
557,130
554,130
552,133
549,133
549,132
546,133
546,133
547,133
546,133
540,135
540,135
538,135
537,134
534,134
535,135
531,136
529,136
529,136
524,142
524,140
524,141
519,140
516,139
515,143
515,141
511,142
508,144
508,144
504,147
503,148
499,147
498,147
497,147
495,146
500,143
501,144
498,145
495,143
492,146
491,148
493,145
493,147
489,147
484,147
483,150
483,150
482,150
484,151
485,151
486,151
481,154
481,153
478,152
473,151
472,149
476,147
471,146
472,146
470,146
471,146
466,149
466,149
463,149
470,146
468,145
465,147
459,147
457,150
453,151
452,150
454,148
452,147
449,145
446,146
444,147
445,146
445,145
444,144
444,146
445,147
445,144
443,145
441,144
442,145
440,144
436,144
440,142
437,139
436,138
433,138
428,138
426,138
425,139
426,138
424,139
419,136
418,136
421,135
421,137
423,137
422,135
422,132
423,133
427,129
427,128
424,131
421,133
423,131
427,130
427,129
424,130
426,128
426,125
425,127
424,129
424,128
420,126
416,124
418,123
414,124
412,124
410,125
407,125
407,126
406,128
399,131
397,130
397,133
396,133
396,131
394,133
391,135
393,134
392,135
393,136
394,138
392,137
392,136
391,135
390,136
392,135
393,134
393,135
391,135
390,135
385,133
385,134
382,133
382,134
378,135
378,132
378,131
377,133
377,133
376,133
373,133
375,132
372,132
374,130
372,135
370,134
371,133
370,133
366,134
366,133
369,130
369,130
368,129
366,130
366,128
370,127
369,127
368,127
370,126
367,124
369,123
371,122
371,121
371,122
366,121
361,120
360,121
360,122
361,120
358,120
355,121
357,123
353,124
348,125
345,124
346,125
344,124
344,128
345,129
344,129
345,127
344,128
341,129
339,127
339,127
335,127
334,126
332,124
329,123
329,123
331,122
331,124
332,125
332,124
330,124
332,123
327,125
323,126
321,128
321,127
324,127
324,127
328,128
327,129
325,132
329,131
333,130
328,132
326,131
323,134
321,133
317,134
318,134
319,128
319,128
320,125
316,127
313,130
312,133
311,132
312,132
314,130
312,129
312,128
312,128
312,126
308,126
305,129
306,129
305,131
303,131
303,131
305,132
305,133
303,132
303,132
302,133
303,134
300,134
300,132
300,132
299,134
301,133
301,132
300,132
302,132
302,132
303,130
303,131
303,127
301,128
300,128
301,127
300,127
300,127
303,126
303,124
302,125
300,125
298,127
300,127
298,127
298,127
297,127
297,128
300,129
296,128
295,128
292,131
294,130
294,131
293,132
290,134
288,133
290,134
290,135
293,134
294,133
291,131
291,131
290,133
292,134
294,135
296,134
297,134
298,133
298,131
297,131
296,128
290,130
288,130
293,128
295,125
296,124
296,124
295,128
295,126
294,126
292,125
288,124
286,123
284,123
281,122
281,120
279,119
280,119
278,120
279,119
278,117
275,117
277,115
275,115
278,115
277,115
276,116
276,116
276,116
277,115
276,115
274,116
274,117
274,116
276,116
275,115
279,114
277,116
277,116
273,117
272,118
272,118
275,119
278,118
277,118
277,118
278,116
276,115
274,114
276,113
273,112
273,112
273,109
272,108
271,108
269,108
268,107
270,106
270,106
273,105
273,107
272,106
269,107
272,107
270,107
272,104
271,104
269,102
271,102
271,101
267,103
266,104
271,104
270,104
270,103
265,105
264,107
264,107
265,108
263,107
262,109
262,110
262,110
262,110
263,111
265,110
266,107
269,105
269,106
265,104
265,105
269,107
267,108
269,108
269,106
268,105
271,105
274,104
272,104
268,105
270,104
268,106
268,104
270,102
273,101
272,102
269,102
267,104
267,103
266,103
263,103
262,102
260,103
259,105
261,106
264,106
262,107
266,108
265,108
268,107
271,108
270,108
268,110
266,109
264,108
265,106
267,106
267,108
266,109
265,110
263,112
263,111
261,112
262,110
264,109
264,110
261,114
262,112
263,113
260,113
263,113
265,114
266,114
265,115
265,114
266,115
267,117
267,118
268,118
266,118
268,117
271,118
269,117
269,116
270,117
268,118
268,117
269,116
272,114
269,113
268,114
266,115
265,116
265,116
262,115
263,115
261,113
261,110
259,109
261,108
263,108
262,106
264,106
262,107
264,107
263,105
263,105
262,106
260,108
255,111
253,111
254,112
255,113
257,113
258,113
256,113
257,111
258,112
258,111
257,111
256,113
260,110
263,108
265,107
266,106
266,107
263,107
262,108
258,109
257,109
258,109
257,109
254,108
256,107
253,109
252,109
253,107
255,108
255,110
252,111
254,111
254,111
253,113
258,112
258,111
255,110
254,112
254,112
254,111
253,111
256,111
256,110
256,108
253,110
253,111
252,112
251,110
254,112
256,112
254,110
250,112
251,113
251,112
251,111
249,111
251,109
250,110
249,112
248,112
247,112
247,112
244,110
240,112
241,112
243,111
247,113
251,113
252,115
253,114
252,114
254,113
256,113
253,112
254,112
253,112
255,112
254,114
254,115
252,114
255,114
254,114
252,115
253,114
250,114
251,114
251,113
253,112
250,110
249,111
251,112
249,116
249,115
246,115
245,115
244,116
244,117
244,115
245,115
245,115
242,114
241,115
241,114
244,113
246,112
246,111
247,110
249,109
250,108
254,108
253,110
253,110
252,110
251,109
250,110
253,109
253,111
255,113
259,113
260,114
261,110
263,110
263,111
267,111
272,112
274,112
274,112
273,111
273,110
273,112
278,110
276,110
276,109
276,113
276,111
274,109
274,110
275,110
277,112
273,113
273,111
274,110
275,112
271,113
