800,150
796,154
792,155
787,158
789,156
788,158
785,160
780,163
781,162
781,161
778,165
774,167
772,168
773,168
770,171
769,170
769,169
767,170
764,172
762,175
762,174
762,174
759,177
759,178
760,176
759,175
759,175
755,179
752,181
746,185
746,183
744,185
741,190
739,190
739,191
735,192
734,192
731,193
726,195
726,195
723,200
724,199
721,199
718,199
717,203
712,209
709,209
707,209
707,210
706,212
706,212
704,212
702,215
701,216
701,215
698,217
693,220
690,223
687,226
681,231
681,230
675,232
673,233
671,233
664,238
659,244
658,243
658,243
657,246
653,248
653,248
649,251
644,253
641,255
640,256
640,256
638,256
636,260
636,262
632,265
625,273
623,274
622,275
621,272
622,271
618,274
613,278
612,281
612,280
605,286
603,286
603,284
601,284
598,286
596,288
595,290
592,291
592,289
591,287
592,284
587,288
587,290
588,287
588,287
582,290
582,292
579,294
579,294
576,294
576,294
578,294
575,295
576,292
570,299
567,301
566,303
562,304
559,306
557,305
557,304
554,306
548,312
547,312
547,313
545,315
543,319
544,320
541,323
536,323
532,326
531,328
529,326
530,325
528,327
524,331
521,332
522,331
518,331
520,329
519,332
518,331
515,335
512,337
511,337
515,333
513,332
513,333
510,333
508,335
508,335
505,338
503,339
499,342
497,345
494,344
496,343
496,340
496,340
494,336
488,340
487,343
487,343
482,346
479,352
479,352
478,353
478,353
476,353
477,354
476,356
473,358
474,357
468,365
466,365
464,365
468,362
467,362
464,365
466,363
462,364
460,366
459,370
456,372
455,372
452,373
447,375
446,376
446,374
446,376
442,380
441,381
437,383
431,388
428,391
425,392
422,393
418,397
417,396
417,398
416,400
413,404
413,404
411,406
411,403
410,406
410,408
411,408
408,410
411,407
410,407
408,408
408,407
409,407
408,405
407,407
410,405
408,407
405,409
402,412
401,417
399,418
396,423
396,425
395,424
393,426
391,428
387,432
385,434
383,436
379,441
382,443
383,446
382,446
378,448
381,447
379,450
376,454
372,457
367,461
366,463
364,463
364,463
363,467
361,467
362,470
361,471
360,473
364,472
366,472
364,472
365,474
364,475
362,479
360,479
363,480
358,485
356,485
356,483
352,486
347,492
348,490
346,492
344,494
345,492
342,495
344,491
343,490
341,493
343,492
339,495
338,497
335,496
332,500
331,500
330,499
330,498
330,497
325,504
326,502
325,504
324,504
323,505
321,508
321,509
320,513
319,512
319,512
317,514
312,518
315,518
315,518
312,523
310,524
309,525
305,527
304,530
305,528
304,530
303,532
301,533
298,536
300,535
298,538
296,541
297,544
293,546
292,552
292,553
291,556
290,556
290,555
290,557
284,563
283,566
281,568
280,570
277,575
275,577
271,582
267,584
266,586
263,588
260,591
259,594
259,595
256,601
254,606
254,607
255,610
256,608
257,608
258,612
255,614
256,612
258,613
254,616
256,615
255,616
256,616
255,618
253,620
251,622
249,624
248,625
246,626
244,629
242,631
239,634
236,637
239,636
237,639
233,643
232,643
230,646
229,647
228,649
227,652
226,654
227,653
225,656
223,658
222,660
220,662
218,667
216,672
216,673
216,676
214,679
211,682
208,685
208,686
205,689
201,691
199,693
198,696
200,696
198,698
197,700
198,702
198,701
197,701
197,701
196,704
198,704
198,703
198,703
199,701
200,700
200,703
201,704
202,703
199,707
198,708
196,711
194,713
192,715
190,717
187,721
184,725
184,726
186,725
186,724
185,726
184,727
182,729
181,731
181,732
178,736
175,739
173,742
172,744
171,746
168,749
166,752
162,756
162,759
162,759
162,759
162,760
161,761
161,761
159,765
160,766
158,767
156,770
156,770
155,771
153,773
153,774
154,772
152,774
151,776
150,777
149,776
148,777
147,779
149,778
149,777
146,781
146,782
146,783
145,784
143,786
143,788
142,790
141,791
138,793
138,794
139,793
137,795
136,795
134,798
132,801
132,802
129,806
128,809
128,809
125,813
125,813
125,813
125,814
124,815
125,814
124,815
125,814
123,817
119,821
118,822
116,825
116,825
115,826
114,827
114,829
117,827
117,829
116,830
116,833
116,834
115,837
115,836
112,839
112,840
113,839
113,839
111,841
111,841
111,842
110,844
108,846
108,846
108,846
107,848
106,849
107,848
107,848
108,847
107,849
106,850
105,851
104,851
104,851
102,853
102,853
102,853
101,854
99,856
98,857
98,858
97,859
96,860
95,861
95,861
94,862
95,862
96,860
97,859
96,860
94,862
93,865
92,866
89,869
87,871
86,873
86,875
84,877
84,877
85,877
84,879
84,879
84,878
84,878
83,881
83,882
83,883
82,884
82,884
81,885
78,889
79,888
78,889
76,891
76,891
74,893
74,893
74,893
74,893
73,894
72,894
72,894
72,894
72,893
70,895
68,898
67,900
68,899
68,899
67,900
66,902
64,905
61,909
62,909
62,909
61,910
63,909
63,909
63,909
62,911
62,911
63,910
64,910
64,910
64,910
64,910
64,911
63,912
63,912
63,912
63,912
63,913
63,913
62,915
61,916
61,916
60,917
60,917
59,920
59,921
58,922
58,922
57,923
57,923
56,924
54,926
53,927
52,928
52,928
52,929
52,930
52,931
52,931
52,932
52,932
52,932
52,932
50,934
50,934
51,933
48,937
48,937
49,936
48,938
47,939
46,940
46,940
46,941
46,941
45,942
46,942
46,943
46,943
45,944
45,944
46,943
45,944
43,946
44,945
43,946
43,946
43,946
41,948
41,949
40,951
40,951
39,952
39,952
39,953
38,954
38,954
39,953
40,952
40,952
40,952
40,952
40,952
40,952
40,952
39,953
39,954
39,954
39,954
39,954
38,955
38,955
38,955
38,955
38,955
36,957
36,957
36,958
36,959
36,959
34,961
34,961
33,962
34,961
34,961
34,961
35,960
34,961
34,962
33,963
33,963
33,963
34,962
34,962
34,962
34,962
34,962
34,962
34,962
34,962
34,962
34,962
34,962
33,963
33,963
31,965
31,965
30,966
30,966
30,966
30,966
30,966
30,966
29,966
29,966
29,966
29,966
29,966
29,966
29,966
28,967
28,968
28,968
28,968
28,968
28,968
28,968
29,967
29,967
29,967
27,969
27,969
27,969
27,969
27,969
26,970
26,970
25,971
26,970
26,970
25,971
25,971
25,971
25,971
25,971
25,972
24,973
24,973
22,975
22,975
21,976
21,976
20,977
20,977
20,977
20,977
20,977
21,976
21,976
21,976
21,976
21,976
21,976
22,975
22,975
22,975
20,977
20,977
20,977
20,977
20,977
22,975
22,975
21,976
21,976
21,976
20,977
20,977
19,978
19,978
20,977
20,977
20,977
20,977
19,978
19,978
19,978
19,978
19,978
19,978
18,979
18,979
17,980
17,980
17,980
17,980
17,980
17,980
17,980
17,980
17,981
17,981
17,981
17,981
17,981
17,981
17,981
17,981
17,982
17,982
17,982
17,982
17,982
18,981
18,981
18,981
18,981
18,981
17,982
17,982
