700,250
693,257
689,262
682,268
680,269
677,271
675,271
674,273
674,273
673,274
674,272
674,272
673,274
674,274
671,277
668,280
667,282
666,284
668,283
667,283
663,285
664,285
661,289
659,292
662,290
661,292
660,293
658,293
662,291
658,295
657,295
655,297
651,302
648,304
644,309
639,314
635,316
632,319
627,323
624,328
622,328
622,329
623,328
624,330
623,330
622,331
618,336
614,339
611,339
608,342
607,343
608,344
606,345
605,345
600,349
601,347
600,346
599,346
600,345
596,350
595,350
594,351
595,351
593,351
591,353
591,353
590,352
589,354
587,355
583,358
580,360
576,364
572,366
568,369
566,372
564,373
561,377
562,376
565,373
559,378
557,379
558,377
558,377
557,377
555,380
556,380
554,382
555,382
555,382
549,385
551,382
545,386
542,389
539,393
536,395
538,393
537,396
536,397
534,399
532,401
531,400
528,402
526,404
522,408
522,408
521,408
519,410
517,409
518,408
514,412
513,416
511,415
505,421
504,421
507,418
506,420
503,424
500,426
495,431
490,435
488,439
486,440
481,443
475,449
476,449
475,450
474,450
471,451
467,453
469,451
466,453
467,453
460,459
458,461
458,461
454,465
452,468
449,471
447,472
447,473
445,475
447,474
445,476
444,478
441,480
438,482
436,482
436,482
432,486
429,489
427,490
428,490
428,490
426,492
425,490
422,493
419,496
417,500
416,501
414,503
412,505
409,511
404,515
403,518
400,521
397,524
397,525
395,529
393,532
392,531
394,528
392,531
394,529
392,532
387,538
382,543
382,544
378,548
373,552
374,552
371,556
368,558
365,561
364,561
361,563
363,559
360,562
358,563
360,562
357,565
353,569
355,569
357,566
356,568
355,572
353,574
350,577
347,582
344,583
341,585
341,584
338,587
339,585
335,589
331,594
332,593
331,592
328,596
328,596
326,598
328,596
324,600
324,602
322,603
319,606
317,608
317,608
316,609
313,613
311,616
312,615
309,618
309,616
307,617
307,619
307,620
307,620
305,620
303,622
304,623
303,624
300,627
298,630
297,631
299,630
297,633
292,638
293,637
289,641
288,643
288,643
284,648
283,649
285,646
283,648
280,651
278,650
278,651
276,652
277,651
278,650
278,650
277,652
275,653
273,654
274,653
275,654
272,656
271,657
270,658
269,660
270,661
269,662
267,665
266,668
262,672
256,678
255,680
254,682
254,682
255,682
253,683
251,684
247,690
244,694
245,693
245,693
243,695
242,696
241,698
240,698
238,700
236,704
235,705
234,705
233,705
231,707
230,709
228,712
227,712
226,712
227,711
226,714
225,717
223,718
224,719
223,721
222,723
224,721
221,724
223,722
220,724
222,723
222,723
222,723
222,722
220,724
218,726
216,729
215,731
213,735
212,736
211,737
213,736
211,740
210,742
209,743
209,743
210,741
207,743
208,743
210,742
210,740
209,741
208,743
208,745
205,748
204,749
202,752
203,751
202,752
202,752
201,753
200,755
202,754
198,758
196,760
198,759
197,760
197,760
195,763
191,767
189,769
189,768
189,768
187,770
183,773
183,773
185,771
184,772
182,774
182,776
182,777
182,777
180,779
179,781
178,781
179,781
177,785
176,785
177,785
176,786
172,791
170,793
169,795
169,795
170,794
169,795
169,795
168,796
168,796
164,800
161,802
159,804
158,805
157,806
157,806
155,806
158,804
158,804
156,806
155,807
154,809
152,810
150,812
150,812
149,813
147,815
145,818
142,820
142,820
139,823
138,825
134,829
133,830
133,831
132,833
129,836
127,839
126,840
125,841
126,840
125,841
123,844
122,847
122,846
122,846
120,849
118,850
118,851
117,853
115,855
113,858
113,858
112,859
113,858
113,858
112,859
109,862
108,863
108,863
107,864
107,864
108,863
105,865
104,867
102,869
103,870
102,871
102,872
102,872
104,870
105,869
102,872
103,871
104,871
104,872
102,874
100,876
99,878
99,878
99,878
98,879
98,879
95,882
94,883
93,884
93,884
94,883
93,884
93,884
93,884
95,884
95,884
93,886
92,887
92,887
91,888
90,889
91,888
89,890
88,891
88,891
87,892
88,891
88,891
88,891
89,891
88,892
91,889
91,889
90,890
90,890
89,891
89,891
88,892
87,893
88,892
88,892
87,894
87,894
85,896
85,896
84,898
84,898
85,898
84,899
82,901
81,902
82,901
81,903
81,903
82,902
82,902
82,903
80,905
79,907
79,907
79,907
80,906
80,907
80,907
80,907
80,908
80,908
80,908
78,910
75,913
75,913
75,913
74,914
74,914
75,913
72,916
71,917
70,918
69,919
68,920
64,925
64,925
64,925
63,926
63,926
62,927
61,928
61,928
60,929
59,931
57,934
56,935
57,934
57,934
56,935
57,934
56,935
56,936
56,937
56,937
54,939
53,940
53,940
53,940
53,940
54,939
54,939
54,939
54,939
54,939
54,939
53,940
53,940
53,940
53,940
53,940
53,940
53,940
52,940
51,941
51,941
51,942
51,942
51,942
51,942
51,942
51,942
51,942
51,942
50,943
48,945
48,945
47,946
47,946
47,946
46,947
46,947
46,947
46,947
48,945
48,945
48,945
48,946
48,946
48,946
46,948
45,949
44,950
44,950
43,951
43,951
43,951
42,952
41,953
40,954
41,953
41,953
41,953
41,953
41,953
41,953
41,953
40,955
40,955
40,955
40,955
40,955
38,957
36,959
37,958
38,957
38,957
38,957
37,958
37,958
38,957
38,958
38,958
38,958
38,958
38,958
36,960
36,960
36,960
36,960
35,961
34,962
34,962
34,962
34,962
34,962
33,964
32,965
32,965
32,965
31,966
28,969
28,969
28,969
28,969
29,968
29,968
29,968
29,968
28,969
26,971
25,972
25,972
25,972
23,974
23,974
23,974
23,974
23,974
23,974
23,974
23,974
23,974
25,972
25,972
25,972
26,971
25,972
25,972
25,972
24,973
24,973
24,973
23,974
23,974
23,974
23,974
23,974
23,974
22,975
22,975
22,975
22,975
21,976
20,977
20,977
20,978
20,978
20,978
20,978
20,978
20,978
20,978
20,978
20,978
18,980
17,981
17,981
17,981
17,981
17,981
17,981
16,982
15,983
15,983
15,983
15,984
15,984
15,984
14,985
14,985
14,985
14,985
14,985
14,985
14,985
14,985
14,985
14,985
14,985
14,985
14,985
14,985
14,985
14,985
15,984
15,984
16,983
16,983
15,984
15,984
15,984
15,984
15,984
15,984
15,984
15,984
15,984
15,984
15,984
15,984
15,984
15,984
15,984
15,984
16,983
16,983
16,983
16,983
16,983
16,983
15,984
15,984
14,985
14,985
14,985
14,985
13,986
13,986
13,986
13,986
13,986
13,986
12,987
12,987
12,987
12,987
12,987
12,987
12,987
12,987
12,987
12,987
12,987
12,987
12,987
12,987
12,987
12,987
12,987
12,987
12,987
12,987
12,987
11,988
11,988
11,988
11,988
11,988
11,988
11,988
11,988
11,988
11,988
11,988
11,988
11,988
11,988
11,988
11,988
12,987
12,987
12,987
12,987
12,987
12,987
12,987
12,987
