700,50
697,53
694,52
694,52
689,54
690,53
684,53
684,53
684,52
680,53
679,53
675,53
673,53
674,53
671,53
672,51
665,50
662,50
662,50
661,50
657,50
655,50
656,51
652,52
649,51
647,50
647,50
647,50
643,51
642,52
636,53
636,53
634,53
630,55
627,54
627,54
628,53
631,52
626,54
627,54
623,55
621,55
618,55
616,55
613,53
610,53
606,53
608,53
609,53
608,53
608,53
609,51
606,53
604,52
602,52
599,52
598,51
599,51
595,51
592,51
589,51
589,50
591,51
586,51
582,51
579,52
580,53
577,52
571,52
571,51
569,51
569,51
567,48
563,47
560,48
559,47
556,48
557,47
559,48
560,49
558,49
557,49
554,48
549,48
545,49
543,50
539,50
538,50
538,50
537,50
536,50
534,49
529,50
528,50
528,49
531,48
528,48
525,47
526,45
527,45
526,45
525,44
524,45
525,46
527,46
526,46
525,46
522,46
518,46
515,46
512,48
509,50
511,49
510,50
507,52
504,54
500,52
501,53
499,52
498,52
496,52
494,54
494,54
492,54
491,53
493,52
489,52
489,51
488,50
483,51
484,53
481,52
478,52
478,51
471,51
469,50
469,49
470,49
465,49
463,49
461,49
461,48
457,48
456,49
457,50
454,51
455,50
450,53
452,53
452,52
451,52
450,51
449,49
452,49
451,49
450,49
447,49
442,49
439,50
436,49
435,47
431,47
429,46
433,45
426,46
425,46
426,46
425,47
421,47
417,47
417,47
412,48
413,48
414,47
411,46
410,46
407,46
406,46
406,46
411,46
406,46
405,46
406,46
407,46
407,47
404,47
402,47
402,46
401,46
401,46
403,45
403,45
404,44
407,44
407,45
406,45
407,45
410,45
410,47
405,47
406,47
408,47
411,47
407,47
410,48
411,47
411,47
415,47
417,47
418,45
417,46
419,46
416,45
416,45
416,45
416,46
419,45
418,47
416,47
410,47
410,48
407,47
407,45
404,44
402,43
397,43
395,43
397,43
396,42
392,41
391,41
394,41
392,41
390,41
387,41
386,41
388,40
385,42
385,41
388,41
389,43
389,41
387,41
383,41
381,40
379,41
382,40
383,39
384,39
387,39
388,40
387,37
385,37
382,38
382,39
384,38
380,38
381,39
377,38
377,38
379,39
381,39
383,38
382,38
379,38
382,36
376,37
377,36
376,36
373,36
373,35
373,35
369,35
368,35
365,35
360,35
360,35
362,35
359,34
357,34
354,34
353,34
352,34
349,33
349,33
348,32
345,32
341,31
341,30
338,30
339,30
338,30
334,30
330,31
329,32
327,32
326,31
323,32
322,33
318,32
320,32
321,31
322,31
320,31
321,32
321,32
321,31
320,31
320,29
318,29
319,29
319,29
317,29
314,29
313,29
316,29
318,30
317,29
316,29
314,29
316,29
317,29
321,29
322,29
323,28
322,28
322,28
322,29
321,29
324,29
321,29
320,30
319,31
316,31
314,31
313,31
314,31
312,31
313,32
310,32
311,32
314,32
313,33
310,33
306,31
308,31
306,31
306,32
310,31
309,33
309,33
310,33
312,31
311,31
312,31
312,30
315,30
314,31
311,31
310,30
313,29
314,28
314,27
310,27
309,27
312,27
308,25
305,25
308,25
306,25
307,25
309,25
306,25
304,24
305,24
303,25
303,25
306,24
305,25
305,25
303,24
300,24
296,24
296,24
299,24
297,24
298,24
295,24
297,25
296,25
295,25
290,25
289,25
287,25
288,24
288,24
286,24
287,24
284,24
285,24
281,24
282,24
280,24
284,23
284,23
280,23
279,23
278,22
278,22
276,22
275,22
274,23
275,23
276,23
274,23
277,23
275,23
273,24
274,23
271,23
271,23
269,23
268,24
267,24
267,23
267,22
268,21
270,20
271,20
270,20
269,20
271,20
271,20
270,20
273,20
268,20
266,20
265,20
265,20
265,19
263,19
263,18
259,18
260,18
261,18
263,18
264,18
265,18
266,18
266,18
265,17
264,17
265,17
267,16
267,15
268,15
270,14
272,14
272,13
273,13
276,13
277,14
273,14
274,14
275,14
276,14
278,14
278,14
280,14
284,14
283,14
286,14
287,15
288,15
286,15
283,15
283,15
284,15
282,15
280,15
278,15
281,15
282,15
284,15
282,15
285,16
285,16
283,16
283,16
283,17
284,17
286,18
282,18
278,18
279,18
277,18
276,18
276,18
275,18
276,18
275,18
277,18
276,19
272,18
268,18
265,18
266,18
267,18
268,18
270,17
274,18
277,17
278,16
280,16
280,15
281,15
282,16
281,16
281,16
277,16
277,16
277,15
277,15
280,15
281,16
281,15
278,15
277,15
277,15
277,15
277,15
277,16
277,16
281,16
278,16
281,16
281,16
284,16
285,16
287,15
284,15
285,15
284,15
281,16
284,16
285,16
284,16
285,14
289,14
289,14
287,15
285,15
290,15
289,15
285,15
284,15
285,15
283,14
282,14
280,15
285,15
285,15
286,16
285,17
286,17
284,17
283,16
285,15
285,13
280,13
281,14
280,14
279,16
277,16
276,16
273,14
275,14
275,14
281,15
282,15
281,14
280,14
277,14
280,14
282,14
278,14
276,14
274,14
275,14
276,14
275,14
273,14
276,14
272,14
275,14
279,14
278,14
275,13
274,13
276,12
274,12
274,12
273,11
270,11
271,11
275,12
276,12
275,12
272,13
272,13
269,13
267,14
264,14
267,14
267,14
267,14
269,14
269,14
269,14
268,14
266,15
264,15
262,15
264,15
266,15
266,15
264,15
268,15
268,15
268,15
271,14
270,14
271,14
269,14
268,14
267,14
269,13
264,13
264,13
264,13
264,13
263,12
265,12
266,13
265,13
266,13
264,14
263,14
261,14
260,14
256,14
256,13
258,13
257,13
256,13
254,13
253,13
254,13
252,13
249,13
246,13
248,13
250,13
249,13
250,12
249,12
243,12
241,12
240,12
238,12
242,12
241,12
238,12
240,11
242,11
243,11
243,11
247,11
248,11
247,11
249,11
248,11
249,10
247,10
251,10
251,10
252,10
252,10
250,10
251,10
249,10
248,10
248,10
244,10
245,10
249,10
250,10
252,10
251,10
252,11
249,11
248,11
248,11
250,11
250,11
247,11
248,11
246,11
247,11
247,10
249,11
249,11
249,11
248,11
249,11
252,11
254,11
253,11
253,11
252,11
252,11
253,11
251,11
250,11
254,11
250,11
249,11
252,11
255,11
254,12
252,12
252,12
254,11
256,11
255,11
256,11
254,11
251,11
249,11
252,11
251,11
252,11
254,11
254,11
250,11
248,11
247,11
245,11
246,11
248,10
245,10
245,11
245,11
241,11
238,10
236,10
236,11
236,11
234,12
234,12
234,12
231,12
231,12
232,12
239,12
237,11
237,12
236,12
237,12
237,12
236,12
238,12
239,12
239,12
243,12
246,11
245,11
242,12
244,12
244,13
248,13
249,14
247,14
247,14
248,13
246,13
244,13
243,13
243,13
244,12
245,12
248,12
247,13
247,13
247,13
249,13
251,13
250,13
251,12
253,12
252,11
