50,50
42,58
43,58
43,59
42,59
42,59
44,58
45,57
46,57
47,60
49,61
53,59
52,59
53,59
54,59
59,58
59,59
60,60
61,60
65,60
67,60
66,60
70,60
70,59
71,58
72,58
72,59
73,61
74,62
75,62
80,62
78,61
77,60
77,59
75,60
76,59
78,57
79,58
78,58
79,57
80,55
79,54
80,52
79,52
80,51
79,52
79,52
80,48
83,48
85,49
86,50
90,49
92,49
96,47
98,46
99,45
98,45
99,45
100,45
103,45
105,44
105,44
108,43
107,43
108,43
105,44
107,44
108,44
110,42
111,43
111,43
112,43
114,44
116,46
116,46
119,47
120,46
122,43
121,42
127,42
127,43
128,43
129,42
128,42
130,41
130,40
132,40
132,41
135,41
136,40
137,39
141,39
144,39
147,39
147,39
148,39
152,40
153,40
156,39
159,38
159,38
162,38
164,38
162,39
164,40
165,40
164,40
166,39
168,38
168,38
168,38
171,38
172,38
173,38
172,40
173,41
175,41
173,44
174,42
176,41
179,40
180,39
181,39
185,37
191,37
194,36
193,36
195,36
198,35
200,35
198,35
197,35
194,36
191,35
190,33
189,33
188,33
185,34
188,34
188,35
188,34
188,34
183,34
184,32
184,32
187,33
186,33
187,32
187,32
187,32
189,32
192,31
191,31
193,30
193,30
192,29
188,30
187,29
186,29
187,29
187,28
188,28
190,28
191,28
195,28
191,29
193,28
192,28
194,28
200,27
201,27
204,26
201,27
201,27
202,27
201,27
200,29
203,29
201,30
202,30
205,29
208,27
209,27
208,26
207,25
204,25
206,25
204,24
206,23
208,23
209,23
209,23
206,23
205,23
205,23
207,22
210,21
212,23
214,23
214,23
214,23
214,23
217,23
214,23
215,24
216,23
218,23
217,23
218,23
215,23
218,23
216,23
217,24
217,24
215,24
216,24
220,24
220,25
216,25
213,25
215,24
217,25
218,26
216,26
220,26
218,26
217,25
216,25
217,24
216,24
215,25
211,25
212,25
213,26
213,25
212,24
211,24
212,24
213,23
216,23
217,23
217,22
218,22
218,21
219,22
216,23
220,23
221,23
219,23
221,23
223,23
222,22
222,22
222,22
220,21
222,21
224,20
223,20
224,20
222,21
224,21
225,21
225,20
225,20
224,20
226,20
228,20
230,20
230,21
232,20
233,20
230,20
230,20
227,20
226,20
225,19
225,19
225,19
224,19
225,17
225,17
228,17
229,17
231,16
231,15
231,15
231,16
230,16
232,16
233,16
236,16
236,17
233,17
232,17
231,17
231,17
230,17
229,17
228,17
227,16
224,16
223,16
224,16
222,16
220,16
220,16
219,16
218,16
217,16
217,16
219,16
221,16
222,16
221,15
224,15
224,15
227,15
228,15
232,15
233,15
234,15
236,15
237,15
236,15
238,15
237,15
238,15
239,15
240,15
243,15
244,15
244,15
245,14
245,14
246,14
246,14
247,14
250,12
254,12
253,12
251,12
252,12
251,12
251,12
253,12
254,12
254,12
251,12
249,12
250,12
251,12
251,12
254,12
254,12
252,12
247,12
248,12
245,12
245,12
243,12
244,13
244,13
243,12
246,12
248,12
247,12
249,12
250,11
250,12
247,12
247,12
245,12
246,12
244,12
245,12
243,11
247,11
244,11
243,10
243,10
243,9
243,9
242,9
240,9
239,9
238,9
240,9
240,9
239,9
241,8
242,8
243,8
243,8
246,8
246,8
249,8
251,8
251,8
253,7
254,7
254,7
253,6
251,5
249,5
250,5
246,5
246,5
244,5
245,5
244,5
244,5
245,5
245,5
244,5
241,5
239,4
239,4
237,4
236,4
238,4
235,3
237,3
236,3
239,3
243,3
241,3
240,3
235,3
236,3
234,3
233,4
235,4
235,4
238,3
236,3
233,3
234,3
235,3
233,3
232,3
232,4
234,3
232,3
231,3
231,3
226,3
224,3
225,3
227,3
228,3
230,3
233,3
237,3
237,3
239,3
238,3
240,3
241,3
241,3
242,3
246,3
243,3
243,3
245,3
242,3
242,3
243,3
243,3
243,3
242,3
244,3
243,3
243,3
246,3
246,3
243,3
242,3
242,3
241,3
242,3
242,3
245,3
247,3
250,3
250,3
251,3
254,3
257,3
254,3
255,3
255,3
255,3
252,3
249,3
247,3
246,3
249,3
248,3
247,3
249,3
248,3
