50,100
43,107
45,111
49,111
51,112
51,115
51,114
51,114
53,116
55,114
57,114
60,113
61,115
63,114
65,112
68,112
68,113
68,115
69,116
71,115
71,115
74,116
74,117
77,118
77,118
77,117
79,117
83,116
88,116
88,115
89,116
89,117
91,117
91,116
92,116
94,120
94,119
97,118
99,117
101,116
101,115
103,115
105,114
105,113
103,114
105,114
104,113
103,113
105,113
104,113
105,115
106,119
108,117
111,116
112,116
112,117
111,118
112,117
112,119
113,118
114,118
114,117
112,117
112,115
112,116
115,116
114,117
116,116
117,116
119,117
120,115
121,119
123,117
125,118
124,118
124,120
123,122
123,122
125,124
124,122
124,122
120,122
120,121
122,119
124,121
124,119
126,120
127,122
129,121
130,119
130,117
132,120
133,120
133,122
135,121
137,120
135,120
136,122
138,123
140,125
142,123
147,124
147,123
150,123
148,125
145,125
145,124
144,124
148,122
147,122
146,123
148,122
149,121
150,120
152,122
152,122
154,120
154,118
155,119
158,120
158,121
158,121
156,123
156,122
159,120
159,121
159,122
160,121
162,120
161,119
162,119
163,120
162,121
162,121
166,119
168,118
169,118
169,119
167,121
167,120
167,122
167,121
168,122
172,122
172,124
173,123
170,123
171,122
171,121
172,121
172,121
175,118
174,116
172,118
171,120
170,120
171,119
171,118
171,118
172,119
171,119
172,119
175,118
174,119
174,122
175,122
175,124
176,126
179,125
180,126
180,125
179,123
180,124
181,124
181,123
181,123
181,121
184,120
183,120
183,122
186,118
187,117
186,121
187,124
187,124
188,124
190,123
192,123
192,122
195,120
194,121
195,120
197,121
197,120
196,121
193,123
192,123
195,122
196,122
196,122
193,122
195,123
198,122
199,123
199,124
199,125
200,125
202,125
200,127
200,128
202,126
203,126
203,126
206,126
208,124
207,125
208,124
210,124
209,125
209,123
210,125
211,124
211,124
212,123
210,120
210,119
211,117
211,115
212,115
210,117
212,114
211,114
211,114
216,113
215,113
213,115
213,115
214,114
216,115
214,114
216,114
219,114
219,117
219,118
220,119
219,119
219,120
218,123
219,122
219,123
218,123
219,121
216,124
214,123
217,125
220,125
220,124
221,125
222,125
222,126
224,124
223,124
224,124
225,123
223,124
222,121
226,120
226,120
226,121
225,121
227,121
224,120
227,118
230,117
234,115
235,113
235,114
235,114
230,115
228,115
230,115
228,117
226,116
228,116
227,117
227,116
225,117
226,117
224,116
225,114
222,116
222,115
222,115
222,115
224,115
224,115
224,116
222,119
224,117
226,116
225,114
227,115
228,115
228,113
231,113
232,111
234,112
233,111
231,111
234,112
237,111
237,113
238,113
240,113
240,113
237,112
237,113
238,113
242,110
241,113
240,112
240,112
239,111
240,111
245,111
243,110
241,110
240,107
240,108
237,106
238,106
240,107
241,107
240,107
236,107
237,107
236,108
235,106
238,106
238,107
239,105
237,104
237,105
237,106
239,105
240,104
237,105
235,106
234,106
237,105
236,105
237,105
234,106
236,105
235,106
236,105
234,101
235,101
235,101
233,101
230,102
231,101
234,101
232,105
235,104
238,103
237,105
238,106
237,108
240,104
241,105
244,103
241,103
243,105
240,105
242,107
243,105
244,103
249,102
247,103
244,104
244,104
242,103
241,104
242,104
242,104
244,104
246,105
243,106
243,106
242,106
240,104
243,104
243,105
242,105
242,104
240,104
243,103
247,101
249,100
249,100
248,100
247,101
247,101
246,102
248,97
247,97
247,97
249,95
247,96
247,95
248,93
248,93
250,92
251,91
251,88
250,88
252,86
250,87
250,86
251,87
250,88
248,88
249,87
249,86
250,86
248,87
248,86
247,84
248,81
247,82
247,82
247,81
248,82
250,82
251,80
248,80
248,80
246,81
246,81
246,82
245,82
247,81
248,79
249,77
251,77
252,78
251,79
248,79
246,79
246,80
246,80
247,79
247,80
250,81
250,82
247,81
248,82
249,82
246,83
247,82
251,84
251,82
253,83
253,82
254,81
255,81
255,82
255,84
255,80
256,80
256,80
253,80
251,80
249,80
250,82
251,80
252,80
254,80
255,78
251,79
251,79
251,78
254,78
252,79
248,79
251,79
252,79
254,79
253,81
254,81
253,82
256,82
257,83
254,85
257,83
255,83
257,83
256,84
255,84
257,85
