600,200
594,206
592,204
594,202
593,203
589,204
590,202
587,204
587,205
584,207
582,207
581,205
577,205
574,205
574,204
572,203
568,204
564,203
563,204
561,203
559,202
555,205
556,206
555,208
552,211
552,210
549,212
550,212
553,207
551,209
547,211
550,209
549,210
547,211
545,210
547,210
547,209
546,209
546,205
542,205
542,205
538,206
538,205
538,205
535,205
534,204
531,206
531,203
526,205
523,208
518,213
516,212
518,209
516,213
516,215
512,216
513,213
512,215
512,216
512,217
512,216
510,219
508,221
508,223
506,224
503,224
501,228
499,229
499,229
497,229
492,233
487,236
490,233
486,234
485,233
482,238
482,236
481,234
481,236
480,237
480,236
480,237
480,237
484,237
482,239
477,241
474,245
474,246
472,246
469,247
466,245
465,246
463,246
459,244
457,246
456,241
452,245
452,244
453,246
455,245
453,248
453,250
452,250
453,249
451,253
449,253
446,254
444,255
446,252
442,252
438,254
437,254
437,254
436,255
432,255
433,256
433,255
430,254
431,253
429,254
427,254
432,251
432,252
430,254
426,256
427,257
426,260
422,259
419,263
417,266
419,267
416,269
418,269
415,267
414,266
413,269
414,268
413,270
413,271
413,271
416,269
415,274
411,278
411,277
412,276
411,279
407,283
409,279
407,279
409,275
408,274
407,275
405,277
403,281
403,282
400,283
399,282
400,284
402,284
400,284
397,284
395,285
396,282
391,285
391,283
387,284
384,286
381,288
378,288
375,287
374,288
372,290
369,290
373,289
374,289
372,288
369,291
372,292
371,292
370,291
369,292
371,294
372,293
373,294
374,294
373,292
373,292
373,290
372,290
370,293
369,297
370,294
370,297
370,296
370,293
372,292
375,291
377,289
375,288
375,289
370,288
371,289
369,289
370,287
365,289
365,293
365,292
365,296
359,299
357,299
355,303
351,305
352,308
350,309
351,310
352,309
351,308
347,311
346,312
345,311
342,314
343,314
344,314
344,311
344,311
343,311
341,311
339,312
336,312
337,314
336,317
334,320
334,322
330,322
328,322
326,321
320,325
318,328
319,328
316,329
318,327
316,329
318,330
317,331
319,329
319,328
317,329
317,329
317,328
316,333
314,333
316,331
317,333
314,334
312,335
314,333
312,333
308,337
305,339
304,339
301,344
297,346
297,346
300,347
296,347
295,351
293,349
295,351
290,357
291,357
296,354
299,352
300,354
295,357
297,355
296,361
293,365
291,366
294,362
294,366
296,365
293,366
293,364
297,363
295,364
294,364
291,365
291,365
291,367
288,372
284,376
285,378
281,381
281,381
281,378
279,381
277,378
275,382
275,382
274,384
273,386
274,387
274,391
273,395
276,396
275,396
276,396
275,399
273,399
274,400
274,399
272,399
273,402
274,406
271,411
270,410
271,410
270,411
269,415
268,417
269,424
269,425
268,427
267,430
265,432
269,431
269,432
268,435
266,433
263,436
263,441
262,441
262,438
262,440
264,441
263,441
261,443
258,450
257,451
257,453
253,454
255,457
255,460
253,463
253,464
254,462
255,462
252,466
251,471
247,476
244,479
242,479
244,479
244,480
244,482
245,480
247,480
244,483
244,482
242,485
241,488
238,489
239,487
238,489
238,491
240,490
239,493
238,496
239,497
239,496
238,498
238,498
238,497
240,496
238,496
239,499
239,500
239,502
237,503
238,502
238,502
240,500
241,496
240,495
240,494
240,497
239,498
236,500
237,499
234,503
232,506
231,505
230,508
229,509
229,507
230,506
229,503
229,506
229,508
228,509
228,511
228,515
225,515
225,516
223,518
221,522
221,524
216,529
214,531
212,532
213,533
211,536
210,535
208,537
205,541
203,542
198,547
199,550
203,546
201,550
200,551
201,553
200,555
202,553
202,554
198,559
198,556
196,557
196,561
197,563
197,566
199,566
197,568
195,568
193,573
189,577
188,578
187,577
187,576
182,580
181,582
181,582
181,583
181,583
176,588
176,593
176,592
177,592
178,592
175,595
176,598
176,601
176,600
176,601
174,604
172,608
172,609
173,610
173,611
172,614
170,618
166,621
165,623
165,623
166,624
165,626
164,629
163,631
166,631
165,633
163,636
162,641
164,642
163,645
161,647
160,647
160,647
162,646
161,647
163,645
163,649
163,650
162,654
161,655
162,655
163,656
167,652
166,656
167,657
169,659
168,661
169,659
167,661
166,662
164,665
165,665
166,666
167,666
166,668
165,669
164,669
