400,400
393,407
392,407
394,406
395,406
397,407
395,406
394,405
394,404
393,403
390,406
391,406
388,407
385,409
381,415
383,418
382,421
379,424
379,424
382,422
384,421
385,420
384,420
384,421
385,422
383,423
384,422
382,425
379,427
378,427
372,430
371,432
370,434
365,438
363,440
363,440
361,438
357,440
351,447
355,445
353,447
349,450
345,456
341,460
342,460
343,461
344,462
343,461
340,460
337,460
333,461
333,462
330,463
331,465
333,461
332,461
330,463
328,466
325,469
320,474
319,475
321,472
322,475
319,479
319,481
312,485
310,487
308,488
308,490
308,491
308,493
306,492
303,494
302,494
303,490
301,493
302,491
301,492
300,493
299,495
293,499
292,500
289,501
289,502
289,503
286,506
285,507
279,513
278,515
277,518
274,520
274,518
276,516
277,514
276,515
276,517
276,518
276,520
276,520
275,520
271,523
272,522
272,523
270,525
265,531
263,531
262,536
261,537
260,536
260,538
259,541
255,544
256,545
253,549
253,550
252,549
252,552
252,555
252,558
252,560
251,560
251,559
251,558
252,556
253,556
255,555
252,557
250,559
247,561
245,568
246,572
245,573
246,574
246,573
249,573
249,573
244,579
241,583
240,584
238,588
238,592
240,590
242,591
245,589
243,591
242,594
241,594
240,595
241,596
239,598
238,600
237,599
235,602
232,604
228,607
225,609
223,614
222,616
222,616
223,614
224,613
220,616
219,618
219,619
219,618
221,618
218,621
216,622
216,626
217,625
216,628
215,630
211,635
210,638
209,642
207,644
206,647
204,649
204,649
203,647
204,647
206,648
206,651
206,651
205,652
204,652
200,656
201,656
201,657
196,663
194,667
192,669
192,672
192,671
190,674
190,675
188,676
188,677
189,679
190,680
187,683
186,684
185,687
184,689
184,689
183,692
180,695
179,695
176,701
176,703
176,702
177,701
175,702
176,702
174,704
174,702
175,702
176,704
177,704
178,704
180,703
178,707
178,707
178,707
177,709
176,711
174,713
175,712
173,716
174,715
175,716
175,718
174,720
171,723
170,724
168,726
167,728
166,729
165,730
162,734
164,732
162,733
162,734
161,736
161,739
160,744
161,743
159,745
158,747
158,748
155,751
156,751
155,753
153,755
153,756
153,757
153,758
150,761
148,762
148,762
146,764
145,765
145,767
146,766
147,767
146,770
144,774
143,776
142,777
141,779
141,780
138,784
135,788
134,789
134,791
135,791
135,791
135,792
134,794
136,794
136,796
135,797
136,796
135,799
131,803
129,804
128,805
128,805
127,807
125,809
123,811
124,811
125,811
125,811
125,811
125,812
122,816
119,819
118,820
117,822
116,823
118,821
115,825
114,828
110,832
110,834
108,837
109,839
110,839
110,840
107,843
108,844
107,847
106,848
104,850
101,854
100,855
101,855
102,855
103,854
102,855
102,856
102,856
101,858
101,858
101,858
102,858
100,860
99,862
100,861
100,862
100,863
100,863
100,863
101,864
100,865
100,866
99,868
98,869
96,873
95,874
96,873
96,874
96,876
92,881
91,882
90,883
90,883
90,883
90,883
91,882
94,880
95,879
96,879
94,881
93,882
94,881
96,879
95,880
97,878
97,879
97,879
96,880
96,880
96,880
95,881
94,882
94,882
92,884
92,884
91,885
92,886
91,888
90,889
90,889
90,889
89,890
88,891
88,891
87,892
85,894
86,893
84,895
82,897
81,898
81,898
80,899
80,899
79,901
79,901
76,904
76,906
76,907
76,907
75,908
76,907
75,908
75,908
73,911
72,911
72,911
71,912
71,913
71,913
71,913
71,914
70,915
70,915
69,916
68,917
67,919
67,919
67,919
67,919
68,918
67,920
66,921
66,921
64,923
64,923
62,925
59,928
59,928
58,929
57,930
56,932
56,932
56,933
53,936
53,936
53,936
54,935
54,935
53,936
51,938
51,938
51,939
50,940
50,940
51,939
50,941
50,941
50,941
51,942
52,941
51,942
51,942
50,943
50,943
50,944
51,943
50,944
50,944
50,944
49,946
49,946
48,947
48,947
46,949
45,950
45,950
45,950
46,949
45,950
44,951
43,952
43,952
42,954
42,954
43,953
44,953
44,953
44,953
44,953
43,954
42,955
42,955
43,954
43,954
43,954
43,954
43,954
42,955
42,955
44,953
42,955
42,955
42,955
42,955
42,955
42,955
42,955
42,955
43,954
42,956
42,956
41,957
41,957
41,957
40,958
40,958
