50,150
41,159
44,158
46,159
48,162
53,162
54,163
55,162
57,163
59,168
61,169
62,173
65,173
67,173
65,174
65,178
65,179
66,180
67,182
68,182
69,184
72,186
75,187
78,190
80,191
82,191
84,190
86,190
88,192
89,192
86,195
88,196
90,201
91,203
92,208
93,210
93,213
92,215
92,215
90,218
91,220
93,220
95,221
96,222
96,224
99,223
101,226
102,224
103,221
104,220
106,221
105,223
107,226
110,228
109,232
108,237
108,237
110,234
110,238
113,237
118,236
119,235
120,236
123,234
125,234
126,237
129,237
129,240
131,241
135,238
136,236
136,237
135,242
135,243
139,240
140,239
141,234
142,238
142,239
146,238
147,237
148,238
148,239
147,240
148,242
149,244
149,246
149,245
149,247
149,244
147,246
148,244
151,245
149,246
148,247
150,250
149,248
151,251
152,253
152,253
152,254
152,257
156,257
158,253
158,252
158,257
158,263
158,263
158,265
157,266
160,268
159,268
160,271
157,275
156,279
156,277
156,279
157,281
159,279
159,279
157,282
159,280
160,281
161,286
163,284
163,287
161,286
162,287
161,285
162,285
163,283
164,279
166,276
168,278
170,276
168,278
169,282
170,279
173,282
171,283
174,284
178,286
181,285
184,284
183,284
182,288
181,292
179,297
178,297
175,301
175,300
177,299
178,297
173,299
173,300
173,304
173,303
174,305
176,310
171,312
172,311
174,310
172,310
172,314
172,314
170,315
171,317
172,313
174,313
169,313
169,312
167,315
165,319
161,322
159,326
160,328
159,331
158,334
160,334
160,333
161,331
162,332
159,334
159,337
161,338
161,343
162,340
161,343
159,342
164,343
162,343
162,344
162,347
161,349
163,352
165,351
166,348
167,349
166,351
164,355
165,353
166,353
166,353
167,356
168,353
169,356
167,359
171,358
168,359
166,360
166,365
164,365
164,367
167,367
166,367
165,368
167,368
166,369
165,371
163,376
161,381
160,383
159,382
161,382
162,383
165,382
164,384
164,388
163,390
163,388
164,388
164,393
163,392
161,396
163,396
162,401
161,402
161,403
163,403
163,405
165,406
168,406
167,411
168,412
165,415
167,416
167,417
168,422
171,424
169,428
170,434
170,437
169,440
169,442
167,443
166,445
166,447
165,449
163,450
162,452
163,454
164,456
163,458
163,460
162,463
160,463
161,465
160,465
160,465
161,466
161,468
162,466
160,469
157,473
159,471
160,472
161,476
163,475
166,476
166,475
165,479
166,482
166,484
166,488
165,492
167,493
164,497
163,503
163,506
162,511
159,514
157,518
158,518
158,519
160,519
157,526
156,526
153,529
151,530
150,532
150,534
151,534
151,540
148,544
149,544
148,548
147,549
145,551
145,555
145,556
147,560
148,561
147,561
148,562
146,564
144,567
145,571
144,575
146,573
143,576
142,580
141,582
143,582
141,584
138,587
139,589
138,595
139,596
138,598
137,600
136,602
136,603
136,602
135,606
134,608
132,611
133,609
129,612
129,613
131,610
130,611
129,615
129,617
129,615
129,615
132,615
132,618
131,621
129,625
129,624
131,626
130,629
131,633
131,635
131,638
132,641
134,639
133,642
134,640
133,647
133,651
133,651
132,653
133,653
134,655
133,660
131,665
132,666
132,668
132,669
132,667
131,670
132,671
131,677
131,678
130,679
130,677
128,679
127,680
124,684
122,687
122,688
121,688
121,690
123,689
123,692
124,691
124,693
124,695
122,697
121,699
116,704
114,706
113,707
114,706
114,706
112,710
113,711
115,711
112,714
112,717
112,719
111,722
113,722
113,723
115,723
113,724
111,727
108,729
106,731
105,733
104,734
104,736
104,735
105,737
104,740
103,743
103,745
105,745
103,748
104,747
103,748
104,748
103,749
104,749
105,748
104,750
105,751
104,753
103,757
102,762
101,766
102,765
102,766
101,770
99,774
98,775
98,777
97,776
95,780
95,782
94,784
93,786
91,788
89,790
88,793
87,795
88,795
90,794
91,794
92,796
89,799
88,801
86,804
86,804
85,805
86,807
84,808
83,811
81,816
81,816
81,817
80,818
81,817
81,817
81,817
82,818
81,820
82,820
82,820
82,821
81,822
82,823
82,823
81,825
81,825
81,827
82,827
84,826
85,825
83,828
83,831
82,834
83,834
82,835
81,836
80,840
79,842
79,843
78,844
77,846
76,847
77,846
79,846
78,847
77,848
76,849
76,850
75,852
75,854
75,853
