50,250
40,260
40,263
40,271
39,277
41,278
41,282
40,286
40,288
40,290
41,291
42,295
40,299
40,301
40,303
39,305
38,307
39,306
40,311
42,312
42,314
43,315
42,320
44,324
45,328
47,333
44,335
43,337
44,343
45,348
45,354
46,357
47,361
45,363
44,370
44,374
44,375
47,373
46,377
47,383
48,387
50,388
49,392
49,395
49,399
49,402
48,405
48,408
47,414
50,414
49,416
49,417
49,420
49,426
49,428
50,428
52,429
52,434
53,437
53,438
52,440
53,444
56,443
57,445
59,445
60,448
61,449
59,453
59,457
60,463
60,470
60,473
60,476
59,481
61,482
64,484
66,487
67,488
67,492
67,494
67,499
67,504
68,508
69,508
67,511
67,515
67,519
68,523
67,528
66,532
66,535
68,535
67,542
68,544
68,550
69,551
70,553
71,554
72,558
71,564
71,565
70,570
70,573
70,573
70,576
69,581
69,583
69,584
68,587
69,589
69,593
69,595
68,598
68,601
67,607
66,607
65,611
65,612
67,613
68,613
67,615
68,616
70,616
70,620
68,623
68,626
68,629
70,632
70,634
71,637
71,639
72,638
74,640
73,643
73,648
73,651
72,656
72,657
70,657
70,661
72,660
72,662
73,665
72,670
72,672
74,675
73,679
73,682
72,683
73,682
73,687
71,692
71,696
70,699
69,700
70,700
71,700
71,703
71,708
69,712
68,715
68,717
69,717
69,719
69,720
68,725
69,726
70,727
69,730
68,732
69,734
68,736
67,738
65,738
66,739
66,742
66,744
66,746
64,750
65,750
64,754
62,758
60,761
60,761
60,763
60,763
61,765
61,766
61,768
61,769
61,772
61,772
60,774
59,776
58,779
58,782
58,784
59,787
59,788
58,792
58,794
57,796
56,796
59,794
59,796
57,801
57,803
59,805
60,809
58,811
57,816
56,818
54,820
54,820
54,822
54,824
54,824
54,825
54,825
54,826
54,826
54,829
53,831
55,830
55,830
55,832
55,832
54,833
54,835
54,834
54,835
51,839
52,841
50,843
49,844
49,844
49,846
50,846
50,847
50,847
50,847
48,849
48,849
49,848
49,849
50,849
51,848
51,849
48,852
49,852
49,852
48,853
49,853
48,854
48,855
49,854
48,855
47,857
47,858
46,861
46,861
45,864
44,869
44,871
44,871
45,869
45,871
46,872
46,871
45,872
45,873
44,875
44,875
44,875
42,877
41,878
42,877
42,878
42,879
42,880
42,879
43,878
44,876
43,877
41,879
41,879
41,879
40,882
41,881
41,882
42,881
40,884
40,885
41,885
41,885
41,885
41,886
41,887
41,889
40,891
41,891
39,894
39,894
40,894
40,894
40,895
38,897
38,899
37,901
37,901
36,902
36,902
36,903
35,904
36,903
36,903
35,904
35,905
35,905
34,906
35,904
35,904
34,905
34,905
33,906
33,906
33,906
30,910
30,910
30,911
30,912
29,914
30,913
31,912
31,912
31,913
31,913
31,915
31,915
31,915
31,916
31,916
32,915
32,915
31,916
31,916
30,918
30,918
30,918
30,919
30,919
30,918
30,919
30,919
30,920
30,921
31,921
30,924
30,924
29,926
28,927
28,927
28,927
28,927
30,926
30,926
29,928
29,928
29,929
29,929
29,929
29,929
29,931
29,932
29,933
29,933
29,933
29,933
30,932
30,933
30,933
30,933
30,933
30,933
30,934
30,935
30,937
30,937
29,938
28,939
27,940
27,940
26,941
26,942
26,942
26,942
27,941
27,941
27,941
27,941
27,941
27,941
27,941
26,943
26,943
25,945
24,946
24,946
24,946
24,946
24,946
24,947
23,948
23,948
23,949
23,949
23,950
23,950
23,950
23,950
23,950
23,950
23,950
23,951
23,952
23,952
23,952
23,952
23,952
23,953
23,953
23,953
23,954
22,955
22,956
22,956
22,957
22,957
22,957
22,957
22,958
22,958
22,958
22,958
21,960
21,961
21,961
21,961
21,961
22,960
22,960
22,960
22,961
22,961
20,963
20,963
19,964
19,964
20,963
20,963
20,963
20,963
21,963
21,963
21,963
21,963
21,963
21,963
21,965
21,965
20,968
21,967
21,967
21,967
22,966
22,966
21,967
21,967
21,967
21,967
21,968
21,968
21,968
19,970
19,970
19,970
19,970
19,970
19,969
18,970
18,970
19,969
19,970
18,971
18,971
18,971
18,971
19,970
19,970
18,971
18,971
