50,350
40,360
40,365
41,370
42,372
42,375
42,381
43,385
44,389
45,395
45,397
46,401
47,406
49,407
48,409
49,413
49,416
50,419
50,422
48,426
47,429
46,431
46,433
46,438
46,442
47,449
49,447
49,455
50,460
50,464
50,467
50,469
49,468
49,472
49,476
47,481
47,486
44,490
44,496
46,502
46,507
45,509
45,515
46,516
46,519
47,521
47,523
47,529
47,532
48,536
50,541
48,547
48,548
48,549
48,551
49,555
49,555
49,560
49,563
49,564
48,572
49,571
49,571
49,573
50,575
49,579
49,583
49,586
51,586
51,589
51,593
50,597
48,601
48,605
48,607
47,611
49,612
49,619
47,625
46,628
46,632
47,634
47,639
47,639
47,639
45,643
45,643
47,644
46,650
46,654
46,655
45,657
44,659
44,660
43,662
43,666
41,669
42,669
43,669
43,670
43,673
41,678
41,683
40,687
40,690
39,693
39,694
38,697
39,695
39,695
38,698
38,700
39,701
40,702
40,705
40,708
40,709
39,711
39,716
39,718
39,719
39,719
39,723
39,724
38,726
38,729
37,732
37,735
37,737
37,740
38,741
38,742
38,743
38,745
39,745
39,748
39,750
40,753
40,756
42,755
41,758
40,759
41,760
42,760
41,763
41,765
41,769
38,774
39,776
40,779
38,783
38,785
38,785
37,788
37,791
37,793
37,795
38,797
39,797
39,798
39,802
39,804
40,805
40,807
40,808
40,809
40,811
40,812
36,819
35,821
34,822
33,824
33,826
33,824
32,826
32,827
31,829
31,830
31,830
31,831
30,831
30,835
30,835
30,837
31,836
29,840
29,841
29,841
30,844
30,846
30,848
30,849
29,850
29,851
29,852
29,854
30,854
30,855
29,859
29,861
28,863
28,864
28,864
28,865
28,867
28,867
27,869
27,870
27,872
27,872
27,872
27,873
27,873
26,875
24,878
24,879
24,881
23,883
22,885
22,886
22,886
22,887
21,891
22,890
22,890
21,892
20,893
20,893
20,894
20,895
20,896
19,897
18,898
18,898
18,899
18,900
18,900
18,900
17,902
17,903
16,904
16,904
16,906
16,908
16,909
16,909
16,909
16,910
16,910
16,910
16,910
16,911
16,911
16,911
16,911
17,911
17,911
17,911
17,911
17,912
17,912
16,913
16,914
16,915
16,917
15,918
14,919
14,919
13,921
13,922
12,925
12,925
12,926
12,926
12,926
12,926
12,926
13,925
13,926
13,927
12,930
13,929
13,930
13,932
13,933
13,933
13,935
13,935
13,935
13,936
13,937
13,938
13,938
13,938
13,938
12,940
12,940
12,941
12,942
12,942
12,943
12,944
12,944
12,945
12,946
12,946
12,946
12,946
11,947
11,947
11,947
11,947
11,947
11,947
11,948
11,948
11,948
11,948
11,949
11,950
11,951
11,951
11,952
12,951
11,952
11,953
11,953
11,953
11,953
11,954
11,954
11,954
11,954
11,955
11,955
12,954
12,954
12,955
12,955
12,955
12,956
12,956
13,955
13,958
13,958
13,958
13,959
13,959
12,960
12,960
12,960
11,962
11,962
11,962
11,963
11,963
11,963
11,963
11,963
11,964
11,965
11,965
11,965
11,965
11,965
11,965
10,966
10,966
10,967
10,967
10,967
10,968
10,968
10,969
10,969
10,969
10,970
10,972
10,973
10,973
9,974
9,974
9,974
9,974
9,975
9,975
9,975
9,975
9,976
9,976
9,976
10,975
9,976
8,977
8,977
8,977
8,978
8,979
8,979
8,980
8,980
8,980
8,980
8,980
8,980
7,982
7,982
7,982
7,982
7,982
7,982
7,982
7,982
7,982
7,982
7,982
7,982
7,982
7,982
7,982
7,982
7,982
8,981
8,981
8,981
8,983
8,983
8,983
8,983
8,983
8,984
8,984
8,984
8,984
8,984
8,984
8,984
8,984
7,985
7,985
7,986
7,986
7,986
7,986
7,986
7,986
7,986
7,986
7,986
7,986
7,986
7,986
7,986
6,987
6,987
6,987
6,987
6,987
6,987
7,986
7,986
6,987
6,987
6,987
6,987
6,987
6,988
6,988
6,988
6,988
6,988
6,988
6,988
6,988
6,988
6,988
6,988
6,988
6,988
6,988
6,988
6,988
6,988
6,988
6,988
6,988
6,988
6,988
5,989
5,989
5,989
5,989
6,988
6,988
6,988
6,988
6,988
6,988
6,988
6,988
6,989
