300,300
292,308
295,306
294,308
295,307
296,308
294,310
291,315
288,315
288,316
286,317
284,319
287,321
287,326
286,329
288,322
284,324
286,322
285,324
284,326
284,331
283,334
280,336
277,337
276,336
273,338
269,340
269,339
271,338
274,341
276,339
277,340
278,340
279,343
277,341
275,345
270,347
268,351
267,353
267,354
265,358
262,362
267,358
270,357
269,359
270,357
269,360
269,362
269,361
271,357
268,360
271,359
272,364
273,364
275,367
277,366
278,366
276,368
278,367
278,367
279,369
274,373
272,371
274,367
272,370
268,374
268,376
268,376
269,373
271,373
271,374
270,379
270,376
271,378
271,378
270,381
268,382
265,383
262,383
263,385
262,390
263,393
264,394
267,392
265,395
263,398
263,399
260,399
262,399
265,396
262,401
260,403
259,403
259,406
259,408
261,409
258,411
256,414
255,413
254,414
252,415
251,420
251,419
252,419
253,420
250,421
249,423
247,423
248,425
246,426
246,428
242,429
240,433
241,432
241,435
243,437
243,441
240,441
241,442
241,445
240,450
236,452
232,453
230,452
231,451
229,453
228,456
224,460
223,461
221,464
222,465
222,466
223,466
222,471
222,472
224,472
224,475
224,477
222,480
219,485
220,485
216,488
215,491
212,492
209,497
210,501
208,505
207,511
207,515
207,516
208,518
209,519
207,520
206,522
205,524
204,525
202,528
200,529
201,529
200,530
199,535
198,538
196,540
195,546
197,547
196,547
193,549
192,550
192,551
191,556
188,558
191,556
185,561
185,566
185,568
182,572
182,568
183,569
183,572
180,577
178,578
177,579
177,580
176,582
175,583
176,585
177,587
178,588
176,590
176,592
176,598
174,602
173,605
174,608
173,610
174,612
174,611
172,616
173,617
173,616
172,620
171,622
173,623
170,624
171,624
170,625
171,625
171,626
170,625
170,626
171,626
167,630
166,634
163,639
163,639
164,639
167,634
168,635
166,636
166,640
166,644
165,644
163,647
164,647
164,647
165,647
163,650
161,656
160,658
158,659
157,663
157,664
156,666
157,666
157,665
156,668
156,673
155,675
153,676
153,677
148,685
146,687
145,688
143,690
145,688
142,689
141,690
142,689
141,690
139,692
136,696
134,699
133,701
133,704
131,707
132,707
132,707
133,708
133,710
131,713
127,716
126,719
124,721
122,723
121,725
120,729
119,733
118,735
117,739
114,742
115,744
115,745
116,744
116,744
116,744
115,745
116,745
116,745
115,746
113,749
112,751
110,754
108,756
107,757
108,758
109,757
108,758
108,760
105,762
105,763
104,764
102,766
101,768
101,770
101,770
101,775
100,776
101,779
101,780
101,782
100,784
99,786
99,787
99,788
97,793
96,794
95,794
95,795
95,796
95,796
96,798
95,799
95,801
95,802
93,804
94,804
96,801
96,803
95,804
94,806
92,808
92,808
93,808
90,812
90,813
89,814
90,814
89,816
88,817
88,817
88,816
85,820
85,821
84,823
84,824
83,826
82,827
80,830
80,831
80,831
78,833
78,834
80,832
79,834
78,835
77,837
77,837
77,838
77,837
76,838
75,840
74,842
73,844
70,847
70,847
69,849
69,851
68,852
69,851
69,851
69,853
72,851
72,852
70,854
70,854
71,853
72,852
72,852
72,852
71,853
70,854
70,856
70,859
70,859
71,858
71,860
72,859
72,859
71,860
70,863
69,865
69,865
68,866
68,867
67,868
66,869
65,871
62,873
61,874
61,874
61,875
62,874
61,875
62,876
61,877
61,877
61,877
62,876
62,877
61,880
61,881
58,884
57,886
55,889
55,889
56,889
56,889
56,890
56,890
56,892
55,894
55,895
54,896
54,896
54,896
54,897
54,897
53,898
52,901
52,901
51,901
50,902
49,903
49,904
47,906
45,908
45,908
44,909
44,909
43,910
43,911
44,910
43,912
43,914
43,914
43,919
43,919
43,919
43,919
43,919
43,919
43,921
42,922
41,923
40,925
40,926
40,926
40,927
39,928
39,928
37,930
37,931
37,931
36,932
36,932
36,933
35,934
35,934
35,934
35,935
34,936
34,936
34,938
34,938
33,939
33,938
33,938
32,940
32,940
32,940
32,940
32,940
32,940
32,940
32,940
32,940
32,941
32,941
32,941
31,942
31,944
29,946
28,947
28,947
27,948
27,949
26,950
25,952
25,952
25,952
25,952
25,952
24,953
25,952
25,952
25,952
24,953
24,953
23,955
23,956
24,955
