900,50
899,51
901,52
900,53
895,55
897,53
896,52
891,55
888,56
887,56
883,57
881,58
882,58
880,58
877,58
877,59
874,60
872,60
869,60
867,60
866,59
862,62
859,64
856,65
856,66
854,67
853,68
846,69
842,69
843,68
839,69
837,68
837,68
836,67
837,65
835,64
830,66
824,68
820,68
817,68
813,67
812,67
809,66
807,68
806,69
801,71
799,71
796,72
795,72
791,73
792,73
792,73
786,75
785,75
782,75
779,75
777,72
774,73
773,74
770,75
768,73
768,73
766,73
767,73
763,76
760,79
758,79
757,79
755,80
752,80
751,80
751,80
751,81
749,83
753,79
753,78
749,79
745,78
737,78
731,79
728,82
727,83
726,81
723,82
724,81
718,82
715,83
716,81
714,81
711,81
711,83
706,85
703,85
702,87
699,86
695,88
689,88
682,88
680,88
677,91
674,92
674,92
672,95
670,97
664,100
661,101
662,101
661,103
662,101
659,103
662,102
658,105
655,106
654,106
651,104
650,104
646,104
642,105
638,104
640,103
635,105
631,108
625,109
625,109
625,108
623,109
617,110
613,110
607,110
603,110
608,110
606,110
603,110
596,110
595,109
587,111
587,111
585,108
584,107
582,107
580,105
580,103
580,103
578,103
577,104
574,108
573,107
574,105
573,102
572,101
571,103
571,103
567,104
566,102
563,103
563,103
561,106
557,106
556,106
555,105
552,104
549,104
543,102
542,102
536,102
534,100
531,100
527,99
525,98
524,99
519,98
519,98
516,99
519,98
519,99
519,99
519,99
517,101
518,99
514,98
509,97
509,100
509,100
505,103
505,103
505,102
504,101
501,106
497,105
495,104
496,102
495,103
491,102
486,103
484,104
479,104
478,102
476,102
478,103
471,102
471,102
467,103
468,101
465,104
463,103
466,100
465,100
464,99
464,99
462,98
460,100
459,98
458,99
457,96
453,97
452,96
448,97
446,97
444,94
445,93
443,92
442,92
438,92
435,91
435,91
435,90
436,90
436,93
437,94
441,92
440,90
441,90
436,89
436,89
430,89
428,88
428,84
425,84
425,84
425,82
425,82
426,81
422,82
419,83
417,84
414,85
414,85
412,85
411,86
409,84
409,85
408,84
407,84
409,83
410,84
407,84
405,86
403,88
404,88
400,90
404,90
402,90
403,89
401,88
399,87
401,86
399,85
395,83
395,82
395,82
398,82
398,81
394,82
396,84
397,84
399,83
397,85
397,84
402,84
400,84
402,84
402,83
402,81
403,82
403,81
404,81
402,81
404,80
404,77
404,77
401,79
400,79
397,79
395,79
391,79
389,77
391,77
392,77
393,77
389,76
390,76
389,76
390,76
390,76
387,76
385,76
386,75
383,74
384,74
381,74
379,74
378,73
381,73
381,73
385,72
385,72
385,73
386,73
385,73
385,73
382,72
385,72
383,72
379,73
382,71
378,70
377,70
378,69
374,69
375,68
374,68
374,68
370,69
370,71
368,70
373,70
374,69
373,69
370,68
370,66
372,64
374,64
374,63
373,63
368,63
365,64
364,64
364,63
365,63
364,62
363,61
359,61
354,60
352,61
351,60
352,59
351,60
350,60
347,59
345,59
345,60
346,61
344,62
348,61
350,61
348,61
345,61
345,61
344,62
343,62
343,61
343,61
344,59
349,59
350,60
354,60
352,62
354,64
355,64
355,63
356,62
353,63
352,63
351,62
347,62
343,61
341,61
337,61
339,59
336,59
335,58
333,56
335,54
338,54
339,54
334,55
333,56
329,55
328,55
329,54
330,54
329,53
325,53
326,53
327,53
326,52
325,52
325,51
327,51
329,51
328,51
323,51
323,51
322,50
324,50
327,50
327,50
329,49
328,49
329,49
326,49
326,49
330,49
326,49
326,48
325,48
327,48
327,48
324,49
325,50
323,50
321,50
320,50
320,49
320,49
322,50
324,50
330,49
328,48
327,48
325,47
324,47
323,47
322,46
322,46
321,47
319,46
319,47
314,47
315,48
309,48
309,48
305,48
305,49
306,48
303,49
302,46
303,46
303,47
302,46
303,44
300,44
299,43
301,43
301,41
301,41
300,41
303,41
303,42
303,42
302,41
302,40
296,40
293,42
290,42
289,41
288,40
290,40
288,40
287,40
286,40
287,40
286,41
286,41
288,42
286,42
288,42
287,42
288,41
287,40
287,41
286,41
284,41
282,41
283,41
286,41
284,42
282,42
283,43
282,45
279,45
