800,150
796,154
793,157
790,160
787,162
782,165
778,167
773,170
772,170
771,171
771,172
769,173
768,174
765,178
760,181
759,183
756,185
752,190
751,190
748,193
744,197
741,200
737,202
731,207
725,213
723,215
721,218
716,223
716,222
714,225
710,226
709,227
709,226
707,226
706,226
703,230
700,233
697,238
693,242
695,241
696,239
695,241
694,241
690,245
690,243
684,246
681,247
676,252
676,252
677,251
677,251
675,252
673,253
675,251
675,251
673,251
669,255
668,256
665,258
661,262
659,265
654,269
651,271
648,272
647,274
642,277
642,275
638,276
633,277
627,281
624,284
622,287
619,291
619,292
618,291
616,294
610,299
607,301
606,301
607,301
607,302
601,308
597,311
596,313
593,315
590,317
589,316
587,318
586,321
586,321
583,322
579,324
575,326
571,332
570,335
564,339
562,339
555,345
550,347
548,348
547,350
546,351
543,353
536,357
533,359
533,360
529,364
526,367
521,368
520,370
517,371
513,374
508,378
507,379
508,378
509,378
505,383
509,380
506,383
503,387
498,391
495,395
492,394
492,394
489,396
487,395
484,396
483,398
483,398
481,399
478,402
477,403
473,403
473,403
473,403
471,403
470,405
469,406
468,407
466,411
466,410
465,407
465,409
466,407
468,404
468,403
468,404
465,409
461,409
458,412
454,416
452,420
452,421
446,424
447,427
446,429
444,432
443,436
440,437
434,442
430,446
428,446
426,448
423,451
420,453
416,458
416,459
414,462
412,465
413,463
413,465
413,466
410,468
407,469
406,473
406,474
409,470
410,470
408,472
410,472
409,474
410,475
408,477
406,479
404,483
402,485
399,488
395,491
395,490
392,493
388,497
385,498
386,497
383,500
382,502
382,500
381,501
378,504
377,503
375,505
375,506
374,507
372,508
372,509
370,512
367,514
366,515
365,514
365,515
365,513
365,514
367,510
363,512
358,517
355,519
354,522
352,526
351,528
348,532
345,536
343,539
340,542
336,544
334,545
332,545
330,548
327,552
327,553
326,555
324,557
322,560
321,563
323,561
322,562
321,563
321,565
321,565
322,564
323,563
323,563
326,561
321,566
321,568
322,572
320,574
318,575
314,578
316,576
313,580
314,577
313,579
311,581
313,582
311,584
311,585
310,587
308,590
308,588
305,590
307,588
305,588
304,590
302,593
301,595
300,597
296,602
295,606
294,608
293,611
289,615
290,615
294,613
296,612
298,610
299,611
296,615
294,618
291,621
288,625
287,625
285,627
285,627
285,627
284,628
283,631
283,631
282,631
283,631
281,634
280,636
279,637
278,638
274,642
272,644
273,647
271,649
272,647
270,646
270,645
271,645
273,644
272,645
270,647
269,648
268,650
265,653
266,652
269,651
266,654
265,655
263,657
260,660
259,661
257,663
256,663
258,661
256,661
254,661
254,663
250,668
248,672
249,671
248,670
247,671
246,675
244,675
244,676
244,675
238,680
237,682
239,679
239,681
238,682
237,684
238,684
234,688
230,691
229,692
225,695
225,696
225,696
227,694
222,698
222,698
220,700
219,702
217,705
216,707
216,707
215,709
216,708
213,711
211,713
209,714
207,717
206,718
204,722
204,723
203,725
203,726
203,729
201,730
200,731
201,730
199,733
197,735
198,733
195,736
195,737
190,742
189,743
186,747
188,745
187,747
188,745
187,748
188,747
184,751
183,753
182,754
182,754
180,756
177,759
177,760
177,761
175,763
175,764
176,763
175,764
173,766
173,766
172,768
173,769
172,771
170,774
173,771
174,769
173,771
173,771
172,772
171,773
170,773
170,773
168,775
167,777
166,780
168,778
166,780
167,780
166,782
164,784
163,785
164,784
165,785
163,787
162,788
159,791
157,793
159,791
159,792
157,795
156,798
156,798
156,798
154,801
153,802
151,805
150,806
149,807
149,806
148,807
146,809
145,810
145,810
143,813
142,813
141,815
139,818
140,818
140,818
140,818
142,816
141,817
141,818
141,821
141,822
142,821
142,820
142,820
141,821
141,821
143,818
144,817
141,823
140,824
138,826
138,826
137,828
138,827
138,827
137,831
135,834
134,835
134,835
134,835
136,833
135,834
135,834
136,833
134,836
132,838
130,840
128,842
128,842
127,843
125,845
124,846
121,849
118,852
118,852
121,849
121,850
123,849
123,849
122,850
122,850
121,852
120,853
120,853
118,855
120,853
117,856
117,856
114,859
113,860
112,861
109,864
109,864
110,863
110,863
111,862
