700,250
699,251
696,254
692,256
689,260
687,262
679,267
676,268
675,268
673,269
667,275
666,273
665,274
664,275
663,276
664,276
661,277
659,279
661,277
658,278
659,277
657,279
655,281
654,282
652,283
651,283
648,285
645,287
645,290
643,292
642,293
638,298
635,301
633,303
632,305
630,309
626,313
624,318
620,321
618,324
611,329
608,332
603,336
604,332
603,332
598,335
594,339
593,340
588,345
588,344
584,348
580,352
577,354
576,355
575,356
573,356
569,361
568,362
567,363
564,366
565,369
566,366
566,367
567,368
564,370
563,370
564,368
559,372
555,376
556,375
557,373
554,375
556,374
557,374
553,376
549,379
545,384
543,386
542,389
541,389
540,391
541,391
539,393
538,392
536,393
535,393
534,394
533,392
531,394
526,397
525,397
523,398
524,399
522,402
525,400
526,400
524,404
522,405
516,411
516,414
515,414
514,414
512,415
509,418
504,422
503,423
502,425
499,429
494,433
494,432
493,432
493,433
494,432
490,438
490,440
490,440
492,438
487,443
487,444
485,447
484,446
483,448
479,451
476,456
473,459
474,457
472,459
470,461
467,463
463,467
462,467
457,473
458,471
457,472
456,473
455,473
453,474
454,472
453,475
450,477
449,477
446,480
443,482
442,484
437,490
438,491
436,493
439,490
434,496
434,495
428,502
427,504
421,511
417,515
415,517
413,519
409,522
411,519
407,523
409,522
409,523
406,527
404,526
403,527
400,530
399,531
395,535
396,533
393,536
393,536
395,535
394,535
389,539
387,541
387,540
386,544
386,541
380,546
380,547
376,550
375,551
374,552
370,555
367,558
367,559
367,558
366,558
364,559
363,560
362,561
360,563
361,563
357,567
359,565
357,567
356,569
356,569
357,569
356,571
354,573
352,578
353,578
354,577
357,575
355,578
351,582
347,587
342,592
340,594
338,595
335,599
337,597
337,597
332,601
331,603
331,603
328,607
327,608
327,608
328,609
326,611
325,613
324,615
326,613
325,614
328,611
326,613
323,616
321,618
321,618
318,621
315,624
313,626
313,626
311,629
310,631
306,635
305,636
302,639
301,637
300,639
297,642
295,643
296,642
293,646
293,646
293,646
292,647
291,649
290,651
285,656
287,653
284,657
282,659
282,658
285,655
284,657
282,660
282,660
284,657
281,661
281,661
283,660
285,658
283,661
280,663
281,662
279,666
276,669
276,669
273,673
274,671
273,671
269,676
267,677
266,678
263,682
261,685
261,684
261,686
260,687
261,686
259,691
257,694
257,695
257,694
256,697
257,697
255,699
254,701
251,704
249,708
244,713
244,712
243,713
241,712
236,717
238,716
239,716
239,718
240,717
240,717
239,719
237,722
236,722
234,724
235,724
230,729
230,730
228,733
227,735
228,734
227,736
225,738
225,738
222,743
219,746
216,749
214,751
212,753
211,754
207,757
208,756
208,757
207,758
205,759
206,758
202,762
201,765
199,766
198,767
199,766
200,766
201,765
199,768
199,768
196,771
195,772
197,770
195,773
193,775
193,775
193,775
193,775
191,778
190,779
188,780
187,780
186,782
184,785
185,784
185,784
186,784
187,785
185,787
188,784
191,781
191,780
189,782
186,785
187,784
186,785
183,788
182,789
179,792
176,795
177,794
179,792
181,790
179,791
178,793
177,794
176,795
175,796
177,794
175,796
174,797
171,800
171,800
171,800
171,800
170,801
171,800
171,800
171,800
169,802
166,805
166,805
165,806
163,809
162,810
162,809
159,812
160,811
165,807
163,810
162,811
160,814
158,816
158,816
156,819
155,820
156,819
155,822
153,824
151,825
151,825
151,825
151,825
152,826
151,828
150,829
155,824
154,825
156,823
154,825
152,827
154,825
153,827
153,827
150,830
151,829
150,831
150,831
146,835
147,834
147,834
146,835
145,836
145,837
144,838
140,842
140,842
140,842
140,842
139,843
138,844
136,846
136,846
138,845
136,847
136,847
134,849
133,850
134,849
135,848
133,850
130,853
130,854
128,856
127,857
125,859
123,861
124,860
124,860
123,860
123,860
120,863
119,864
119,864
119,864
119,864
120,863
118,865
115,868
116,867
114,868
112,870
112,871
112,871
111,872
111,872
110,873
110,873
109,874
110,873
106,877
106,877
106,877
105,878
105,878
104,879
102,881
102,883
101,884
102,883
102,883
102,883
103,882
103,882
101,884
100,885
99,886
98,887
97,888
98,887
96,889
96,889
97,888
96,889
94,891
