700,50
699,51
698,53
696,54
691,55
691,55
683,56
682,58
678,59
674,61
673,62
674,62
672,61
670,60
669,61
668,60
666,62
666,60
666,60
668,60
664,61
662,61
663,63
659,64
655,65
655,63
652,63
655,62
651,61
647,61
646,61
640,62
634,63
631,65
628,67
631,67
626,68
628,69
621,70
620,70
619,68
616,69
610,71
606,71
604,71
603,71
602,71
602,70
599,70
598,70
597,69
595,69
595,69
597,69
597,68
597,67
594,66
591,67
590,65
585,67
583,66
582,66
581,66
577,68
578,68
576,70
574,69
572,69
572,69
567,70
565,70
565,69
560,70
559,67
554,67
549,67
550,66
552,64
549,64
547,65
546,64
545,63
544,62
538,64
541,62
538,61
533,61
529,61
528,61
528,60
528,60
527,62
523,61
522,61
521,62
519,61
520,61
518,61
514,61
512,61
509,60
507,59
506,60
502,60
502,60
502,61
503,60
501,61
497,62
494,65
491,65
488,65
489,65
487,67
483,67
481,66
481,66
481,66
482,65
476,65
474,64
470,65
468,64
464,64
461,64
461,65
462,65
458,65
454,65
451,65
452,64
454,63
454,64
452,65
450,65
447,66
443,66
443,66
440,67
439,67
438,66
432,66
431,68
429,67
428,66
430,65
427,65
424,66
423,68
423,68
424,68
426,68
429,66
429,66
428,66
426,67
424,68
423,69
420,70
423,70
421,69
421,70
422,67
421,66
417,65
416,65
413,66
411,64
413,66
415,66
410,66
406,65
405,65
403,64
403,64
402,63
402,64
402,63
403,64
402,64
403,61
402,59
399,60
393,60
393,60
388,58
385,58
385,60
384,61
381,61
381,62
381,61
381,63
381,63
380,66
380,64
378,65
377,65
377,65
374,67
373,67
371,67
367,65
366,66
369,67
365,68
363,68
363,69
360,68
360,68
358,70
357,70
355,71
354,70
354,69
348,69
348,71
344,72
343,70
341,69
340,71
336,71
331,71
331,73
326,73
326,73
324,74
325,72
328,70
327,71
325,71
327,71
327,71
325,71
328,72
330,72
329,72
327,74
326,74
324,75
325,74
324,74
326,74
326,74
323,74
322,75
320,75
319,75
319,74
321,73
322,72
322,72
323,72
322,73
323,73
322,72
324,73
322,74
320,75
318,73
318,71
319,69
318,70
317,68
317,67
320,66
321,64
322,65
322,63
326,63
330,62
332,62
333,62
331,62
329,63
326,62
323,63
323,64
321,65
319,65
316,63
313,65
310,66
311,67
314,67
310,67
309,69
308,70
310,69
308,70
307,70
304,72
304,73
304,73
298,73
296,73
298,72
303,70
300,69
300,71
299,70
299,68
300,67
301,69
303,68
304,68
304,68
305,69
307,69
305,69
304,68
301,68
305,67
304,67
305,67
305,66
306,66
311,65
309,65
308,64
307,64
306,64
305,64
309,63
311,62
313,62
314,62
314,62
313,62
311,61
309,62
306,64
305,66
305,66
304,66
301,67
301,67
296,67
296,66
291,66
289,66
291,67
294,68
293,68
294,66
294,66
291,66
294,65
293,65
293,65
294,65
295,66
293,64
293,64
294,64
297,65
296,65
294,64
295,65
294,64
295,66
295,67
296,67
293,67
292,66
292,65
293,62
292,63
291,62
291,62
291,62
293,63
291,62
291,62
290,63
291,63
290,64
292,64
290,64
293,64
296,64
297,64
296,64
295,65
294,66
293,65
292,66
289,66
285,65
283,65
280,65
277,65
273,64
273,62
274,62
272,62
270,62
270,60
269,60
272,59
272,57
272,58
271,58
268,57
270,57
272,58
271,59
273,59
271,59
271,57
272,57
269,57
270,58
270,58
269,58
269,59
270,60
269,61
268,61
267,60
270,61
271,61
275,62
275,63
276,63
278,61
277,61
277,59
276,59
276,60
275,61
275,60
277,58
280,57
277,57
278,56
276,57
278,57
279,57
276,58
275,58
275,58
271,58
267,57
263,57
263,58
266,58
269,58
267,58
266,58
265,56
266,55
267,54
265,53
264,54
265,53
271,52
268,53
268,53
269,54
274,53
273,52
273,52
273,50
272,49
271,51
269,50
269,49
270,50
270,49
275,50
271,50
274,49
278,47
278,47
280,47
276,47
272,47
271,47
269,47
270,47
270,47
271,48
271,48
272,48
267,48
269,47
268,47
266,47
265,48
266,48
265,47
264,46
264,46
266,46
267,46
267,46
264,48
265,48
263,48
267,47
